desc: I1 cache:         32768 B, 64 B, 8-way associative
desc: D1 cache:         4096 B, 64 B, 2-way associative
desc: LL cache:         33554432 B, 64 B, 16-way associative
desc: WordSize:         4
cmd: ./Simple/bin/conflict -v varinfo.txt
bins: Access# Miss# Comp# Conf# Cap# Cacheline# 1-words 2-words 3-words 4-words 5-words 6-words 7-words 8-words 9-words 10-words 11-words 12-words 13-words 14-words 15-words 16-words 
fl=/scratch/user/uqcjin/App/example/Simple/src/../../Util/util.c
fn=CalElapsedTime
52 2 1 0 0 1 1 0 0 0 0 0 0 0 1 0 0 0 0 0 0 0 0
62 1 1 0 0 1 1 0 0 0 0 0 0 0 0 0 1 0 0 0 0 0 0
fl=/scratch/user/uqcjin/App/example/Simple/src/conflict.c
fn=initialization
42 524291 131074 131072 0 2 131074 0 1 0 0 0 0 0 1 0 0 0 0 0 0 0 131072
47 524289 131073 131072 0 1 131073 0 1 0 0 0 0 0 0 0 0 0 0 0 0 0 131072
52 524289 131073 131072 0 1 131073 0 1 0 0 0 0 0 0 0 0 0 0 0 0 0 131072
57 524289 131073 131072 0 1 131073 0 1 0 0 0 0 0 0 0 0 0 0 0 0 0 131072
59 1 1 0 0 1 1 0 1 0 0 0 0 0 0 0 0 0 0 0 0 0 0
fn=main
65 4 3 0 0 3 3 0 2 0 0 0 0 0 1 0 0 0 0 0 0 0 0
69 1048578 262144 131072 0 131072 262143 0 0 0 0 0 0 0 0 0 0 0 0 0 0 0 262143
85 1572867 1572865 0 1179648 393217 1572865 0 0 0 1572864 0 1 0 0 0 0 0 0 0 0 0 0
103 2 1 0 0 1 1 0 0 0 0 0 0 0 1 0 0 0 0 0 0 0 0
127 3 2 1 0 1 2 0 1 0 1 0 0 0 0 0 0 0 0 0 0 0 0
128 3 1 0 1 0 1 0 1 0 0 0 0 0 0 0 0 0 0 0 0 0 0
129 2 1 0 1 0 1 0 1 0 0 0 0 0 0 0 0 0 0 0 0 0 0
130 2 1 0 1 0 1 0 1 0 0 0 0 0 0 0 0 0 0 0 0 0 0
132 2 1 0 1 0 1 0 1 0 0 0 0 0 0 0 0 0 0 0 0 0 0
147 2 1 0 0 1 1 0 1 0 0 0 0 0 0 0 0 0 0 0 0 0 0
148 2 1 0 0 1 1 0 1 0 0 0 0 0 0 0 0 0 0 0 0 0 0
149 2 1 0 1 0 1 0 1 0 0 0 0 0 0 0 0 0 0 0 0 0 0
150 2 1 0 1 0 1 0 1 0 0 0 0 0 0 0 0 0 0 0 0 0 0
161 1 1 0 0 1 1 0 0 0 0 0 0 0 1 0 0 0 0 0 0 0 0
163 1 1 0 0 1 1 0 0 0 0 0 0 0 0 0 0 0 0 0 1 0 0
175 1 1 0 0 1 1 0 0 0 0 0 0 0 1 0 0 0 0 0 0 0 0
204 7 2 0 0 2 1 0 0 0 0 0 0 0 0 0 0 1 0 0 0 0 0
fl=/usr/src/debug/glibc-2.28-251.el8_10.14.x86_64/elf/../elf/dl-sysdep.c
fn=_dl_sysdep_start
113 205 30 28 1 1 30 0 2 1 0 1 0 0 0 0 1 0 1 0 0 0 24
116 1 1 1 0 0 1 0 0 0 0 0 0 0 0 0 0 0 0 0 1 0 0
117 1 1 1 0 0 1 0 0 0 0 1 0 0 0 0 0 0 0 0 0 0 0
119 56 4 3 1 0 4 0 0 1 0 0 1 0 0 1 0 1 0 0 0 0 0
120 17 3 3 0 0 3 1 0 0 0 0 0 0 2 0 0 0 0 0 0 0 0
132 1 1 1 0 0 1 0 0 0 0 0 0 0 0 0 1 0 0 0 0 0 0
159 2 1 1 0 0 1 0 0 0 0 0 0 0 0 0 0 0 0 0 0 1 0
224 1 1 1 0 0 1 0 0 0 0 0 0 0 0 0 0 0 0 0 1 0 0
258 8 2 0 0 2 2 0 0 0 0 0 0 0 0 0 0 0 0 0 0 0 2
fn=_dl_sysdep_start_cleanup
fl=/usr/src/debug/glibc-2.28-251.el8_10.14.x86_64/elf/../elf/dl-tls.c
fn=_dl_add_to_slotinfo
1141 1 1 0 0 1 1 0 0 0 1 0 0 0 0 0 0 0 0 0 0 0 0
1146 1 1 0 0 1 1 0 0 0 0 0 1 0 0 0 0 0 0 0 0 0 0
fn=_dl_allocate_tls_init
569 2 1 0 0 1 1 0 1 0 0 0 0 0 0 0 0 0 0 0 0 0 0
578 2 1 0 0 1 1 0 0 0 0 0 0 0 1 0 0 0 0 0 0 0 0
595 3 1 0 0 1 1 0 0 0 0 0 1 0 0 0 0 0 0 0 0 0 0
614 3 1 0 0 1 1 0 0 0 0 0 0 0 1 0 0 0 0 0 0 0 0
646 5 1 0 0 1 1 0 1 0 0 0 0 0 0 0 0 0 0 0 0 0 0
fn=_dl_allocate_tls_storage
84 2 1 0 0 1 1 1 0 0 0 0 0 0 0 0 0 0 0 0 0 0 0
477 289 36 36 0 0 36 0 0 0 0 0 0 0 0 0 0 0 0 0 0 0 36
496 1 1 1 0 0 1 0 1 0 0 0 0 0 0 0 0 0 0 0 0 0 0
498 1 1 0 1 0 1 0 0 0 0 0 0 0 0 0 0 0 0 0 0 0 1
504 4 1 0 1 0 1 0 0 0 0 0 0 0 0 0 0 0 0 0 0 0 1
fn=_dl_assign_tls_modid
fn=_dl_count_modids
221 1 1 0 0 1 1 0 0 1 0 0 0 0 0 0 0 0 0 0 0 0 0
fn=_dl_determine_tlsoffset
fn=_dl_tls_initial_modid_limit_setup
1092 1 1 0 1 0 1 0 0 0 1 0 0 0 0 0 0 0 0 0 0 0 0
1100 1 1 0 0 1 1 1 0 0 0 0 0 0 0 0 0 0 0 0 0 0 0
1103 1 1 0 0 1 1 0 1 0 0 0 0 0 0 0 0 0 0 0 0 0 0
fn=_dl_tls_static_surplus_init
138 1 1 0 0 1 1 0 0 0 0 0 1 0 0 0 0 0 0 0 0 0 0
fn=allocate_dtv
392 1 1 0 1 0 1 0 0 0 1 0 0 0 0 0 0 0 0 0 0 0 0
401 1 1 1 0 0 1 0 1 0 0 0 0 0 0 0 0 0 0 0 0 0 0
407 1 1 0 1 0 1 0 0 0 0 0 0 0 0 0 1 0 0 0 0 0 0
fl=/usr/src/debug/glibc-2.28-251.el8_10.14.x86_64/elf/../include/rtld-malloc.h
fn=_dl_allocate_tls_storage
fn=_dl_check_map_versions
44 6 4 0 2 2 4 0 1 0 2 0 1 0 0 0 0 0 0 0 0 0 0
fn=_dl_important_hwcaps
56 5 1 0 0 1 1 0 1 0 0 0 0 0 0 0 0 0 0 0 0 0 0
fn=_dl_init_paths
fn=_dl_map_object_deps
56 6 3 0 2 1 3 0 3 0 0 0 0 0 0 0 0 0 0 0 0 0 0
fn=_dl_new_object
fn=allocate_dtv
fn=fillin_rpath
50 38 6 0 6 0 6 0 1 0 3 0 0 0 0 0 0 0 1 0 1 0 0
56 38 19 0 19 0 19 0 3 0 16 0 0 0 0 0 0 0 0 0 0 0 0
fn=init_tls
fn=open_verify.constprop.9
fn=rtld_calloc
fl=/usr/src/debug/glibc-2.28-251.el8_10.14.x86_64/elf/../include/scratch_buffer.h
fn=_dl_map_object_deps
78 1 1 0 0 1 1 0 0 0 0 0 0 0 0 0 0 0 1 0 0 0 0
131 4 1 0 0 1 1 0 1 0 0 0 0 0 0 0 0 0 0 0 0 0 0
fl=/usr/src/debug/glibc-2.28-251.el8_10.14.x86_64/elf/../misc/sbrk.c
fn=sbrk
40 2 1 1 0 0 1 1 0 0 0 0 0 0 0 0 0 0 0 0 0 0 0
fl=/usr/src/debug/glibc-2.28-251.el8_10.14.x86_64/elf/../sysdeps/generic/dl-cache.h
fn=_dl_load_cache_lookup
fn=search_cache
fl=/usr/src/debug/glibc-2.28-251.el8_10.14.x86_64/elf/../sysdeps/generic/dl-hash.h
fn=__rtld_malloc_init_real
45 5 1 1 0 0 1 0 0 0 1 0 0 0 0 0 0 0 0 0 0 0 0
fl=/usr/src/debug/glibc-2.28-251.el8_10.14.x86_64/elf/../sysdeps/generic/ldsodefs.h
fn=_dl_relocate_object
fn=do_lookup_x
126 102 6 0 6 0 6 0 0 6 0 0 0 0 0 0 0 0 0 0 0 0 0
fl=/usr/src/debug/glibc-2.28-251.el8_10.14.x86_64/elf/../sysdeps/posix/dl-fileid.h
fn=_dl_map_object_from_fd
39 4 1 1 0 0 1 0 0 0 0 0 1 0 0 0 0 0 0 0 0 0 0
47 5 5 1 1 3 5 0 5 0 0 0 0 0 0 0 0 0 0 0 0 0 0
fl=/usr/src/debug/glibc-2.28-251.el8_10.14.x86_64/elf/../sysdeps/unix/sysv/linux/dl-osinfo.h
fn=dl_main
64 1 1 0 0 1 1 0 0 0 0 1 0 0 0 0 0 0 0 0 0 0 0
fl=/usr/src/debug/glibc-2.28-251.el8_10.14.x86_64/elf/../sysdeps/unix/sysv/linux/dl-sysdep.c
fn=_dl_discover_osversion
88 1 1 1 0 0 1 0 0 0 1 0 0 0 0 0 0 0 0 0 0 0 0
110 3 1 1 0 0 1 0 0 0 0 0 0 0 0 0 0 0 0 0 0 0 1
fn=_dl_sysdep_start
fl=/usr/src/debug/glibc-2.28-251.el8_10.14.x86_64/elf/../sysdeps/unix/sysv/linux/x86/cpu-features.c
fn=init_cpu_features.constprop.0
fl=/usr/src/debug/glibc-2.28-251.el8_10.14.x86_64/elf/../sysdeps/unix/sysv/linux/x86_64/brk.c
fn=brk
31 1 1 1 0 0 1 0 1 0 0 0 0 0 0 0 0 0 0 0 0 0 0
fl=/usr/src/debug/glibc-2.28-251.el8_10.14.x86_64/elf/../sysdeps/x86/cpu-features.c
fn=get_common_indices.constprop.1
328 3 1 1 0 0 1 0 0 0 0 0 0 0 0 0 0 0 0 1 0 0 0
351 4 2 2 0 0 2 0 0 0 0 0 1 0 0 1 0 0 0 0 0 0 0
359 4 1 1 0 0 1 0 0 0 0 0 0 0 0 0 0 1 0 0 0 0 0
fn=init_cpu_features.constprop.0
421 2 1 1 0 0 1 1 0 0 0 0 0 0 0 0 0 0 0 0 0 0 0
772 1 1 0 0 1 1 0 0 0 1 0 0 0 0 0 0 0 0 0 0 0 0
fn=update_usable.constprop.2
50 6 1 1 0 0 1 0 1 0 0 0 0 0 0 0 0 0 0 0 0 0 0
83 1 1 1 0 0 1 0 0 0 0 1 0 0 0 0 0 0 0 0 0 0 0
229 1 1 1 0 0 1 0 0 0 0 0 0 0 0 0 0 0 0 1 0 0 0
fl=/usr/src/debug/glibc-2.28-251.el8_10.14.x86_64/elf/../sysdeps/x86/dl-cet.c
fn=_dl_cet_check
fn=dl_cet_check
fl=/usr/src/debug/glibc-2.28-251.el8_10.14.x86_64/elf/../sysdeps/x86/dl-get-cpu-features.c
fn=__x86_cpu_features
38 1 1 0 0 1 1 1 0 0 0 0 0 0 0 0 0 0 0 0 0 0 0
fn=_dl_x86_init_cpu_features
38 1 1 0 0 1 1 0 0 0 0 0 0 0 0 0 1 0 0 0 0 0 0
fl=/usr/src/debug/glibc-2.28-251.el8_10.14.x86_64/elf/../sysdeps/x86/dl-hwcap.h
fn=_dl_important_hwcaps
fl=/usr/src/debug/glibc-2.28-251.el8_10.14.x86_64/elf/../sysdeps/x86/dl-procinfo.h
fn=search_cache
fl=/usr/src/debug/glibc-2.28-251.el8_10.14.x86_64/elf/../sysdeps/x86/dl-prop.h
fn=_dl_process_pt_note
153 12 1 1 0 0 1 0 0 0 0 0 0 0 0 1 0 0 0 0 0 0 0
157 2 1 1 0 0 1 0 0 0 0 0 0 1 0 0 0 0 0 0 0 0 0
170 2 1 1 0 0 1 0 0 0 0 0 0 0 0 1 0 0 0 0 0 0 0
fn=dl_main
33 2 1 0 0 1 1 0 1 0 0 0 0 0 0 0 0 0 0 0 0 0 0
fl=/usr/src/debug/glibc-2.28-251.el8_10.14.x86_64/elf/../sysdeps/x86_64/dl-hwcaps-subdirs.c
fn=_dl_hwcaps_subdirs_active
33 1 1 0 0 1 1 0 1 0 0 0 0 0 0 0 0 0 0 0 0 0 0
34 1 1 0 0 1 1 1 0 0 0 0 0 0 0 0 0 0 0 0 0 0 0
fl=/usr/src/debug/glibc-2.28-251.el8_10.14.x86_64/elf/../sysdeps/x86_64/dl-irel.h
fn=_dl_fixup
fl=/usr/src/debug/glibc-2.28-251.el8_10.14.x86_64/elf/../sysdeps/x86_64/dl-machine.h
fn=_dl_fixup
fn=_dl_relocate_object
82 2 1 0 0 1 1 0 0 0 1 0 0 0 0 0 0 0 0 0 0 0 0
86 1 1 1 0 0 1 0 0 0 0 0 0 0 1 0 0 0 0 0 0 0 0
120 1 1 0 0 1 1 0 1 0 0 0 0 0 0 0 0 0 0 0 0 0 0
124 1 1 0 0 1 1 1 0 0 0 0 0 0 0 0 0 0 0 0 0 0 0
306 1824 327 72 213 42 327 31 65 18 52 3 74 79 2 1 1 0 0 0 0 0 1
307 505 4 0 2 2 4 0 2 1 1 0 0 0 0 0 0 0 0 0 0 0 0
331 117 93 3 80 10 93 93 0 0 0 0 0 0 0 0 0 0 0 0 0 0 0
431 18 2 0 0 2 2 0 2 0 0 0 0 0 0 0 0 0 0 0 0 0 0
436 36 3 2 1 0 3 0 0 0 0 0 0 1 0 0 0 0 0 0 0 0 2
445 54 9 8 1 0 9 0 6 0 1 0 0 0 0 0 0 0 2 0 0 0 0
455 288 104 23 68 13 104 0 46 5 3 3 7 23 0 1 1 2 3 0 0 1 9
456 98 6 0 6 0 6 6 0 0 0 0 0 0 0 0 0 0 0 0 0 0 0
468 1 1 0 1 0 1 1 0 0 0 0 0 0 0 0 0 0 0 0 0 0 0
479 8 1 0 1 0 1 0 0 0 0 0 0 0 0 0 0 0 0 0 0 0 1
512 82 1 0 1 0 1 0 0 0 0 0 0 0 0 0 0 0 0 0 0 0 1
514 41 7 1 0 6 7 0 2 0 0 0 1 0 0 0 1 0 1 0 2 0 0
533 1216 151 151 0 0 151 0 0 0 0 0 0 0 0 0 0 0 0 151 0 0 0
539 2432 381 377 0 4 381 0 22 0 17 0 29 0 27 0 18 0 16 0 164 1 87
556 13 1 0 1 0 1 0 1 0 0 0 0 0 0 0 0 0 0 0 0 0 0
557 13 1 1 0 0 1 0 0 0 0 0 0 0 0 0 0 0 0 0 0 0 1
561 16 2 0 0 2 2 0 0 0 0 0 0 0 0 0 0 0 0 0 0 0 2
fn=_dl_start
58 1 1 1 0 0 1 0 0 0 0 0 0 0 0 0 0 0 1 0 0 0 0
307 24 5 5 0 0 5 0 0 4 0 0 1 0 0 0 0 0 0 0 0 0 0
331 5 1 1 0 0 1 0 1 0 0 0 0 0 0 0 0 0 0 0 0 0 0
538 50 6 6 0 0 6 0 0 0 0 0 0 0 0 0 0 0 0 6 0 0 0
539 100 36 35 1 0 36 0 14 0 7 3 2 2 1 0 0 0 0 0 7 0 0
fn=_dl_sysdep_start
fl=/usr/src/debug/glibc-2.28-251.el8_10.14.x86_64/elf/../sysdeps/x86_64/dl-runtime.h
fn=_dl_fixup
fl=/usr/src/debug/glibc-2.28-251.el8_10.14.x86_64/elf/../sysdeps/x86_64/dl-trampoline.h
fn=_dl_runtime_resolve_xsave
87 8 8 0 0 8 8 0 8 0 0 0 0 0 0 0 0 0 0 0 0 0 0
93 8 5 0 0 5 5 0 0 0 0 0 0 0 0 0 0 0 0 0 5 0 0
107 8 7 0 1 6 6 0 0 0 0 0 0 0 0 0 0 0 0 0 0 0 6
117 272 53 2 5 46 49 0 8 0 0 0 0 0 13 0 0 0 0 0 1 0 27
126 8 5 0 0 5 5 0 0 0 0 0 0 0 0 0 0 0 5 0 0 0 0
134 288 22 0 2 20 21 0 7 0 0 0 2 0 8 0 0 0 0 0 0 0 4
136 8 8 0 0 8 8 0 0 0 0 0 0 0 0 0 0 0 0 0 8 0 0
146 8 8 0 0 8 7 0 1 0 1 0 0 0 1 0 1 0 0 0 0 0 3
fl=/usr/src/debug/glibc-2.28-251.el8_10.14.x86_64/elf/./dl-hwcaps.h
fn=_dl_important_hwcaps
fn=copy_hwcaps.isra.1
fn=update_hwcaps_counts
54 2 1 1 0 0 1 0 0 0 0 0 0 0 0 0 0 0 0 0 0 0 1
fl=/usr/src/debug/glibc-2.28-251.el8_10.14.x86_64/elf/./dl-load.h
fn=_dl_map_object_from_fd
fl=/usr/src/debug/glibc-2.28-251.el8_10.14.x86_64/elf/./dl-main.h
fn=dl_main
fl=/usr/src/debug/glibc-2.28-251.el8_10.14.x86_64/elf/./dl-map-segments.h
fn=_dl_map_object_from_fd
50 2 1 0 0 1 1 0 0 0 1 0 0 0 0 0 0 0 0 0 0 0 0
56 12 1 1 0 0 1 0 0 0 0 0 0 0 0 0 0 0 0 0 1 0 0
112 2 2 0 2 0 2 0 1 0 0 0 0 1 0 0 0 0 0 0 0 0 0
fl=/usr/src/debug/glibc-2.28-251.el8_10.14.x86_64/elf/./dl-sym-post.h
fn=lookup_malloc_symbol
53 4 4 0 3 1 4 3 0 1 0 0 0 0 0 0 0 0 0 0 0 0 0
fl=/usr/src/debug/glibc-2.28-251.el8_10.14.x86_64/elf/dl-audit.c
fn=_dl_audit_activity_map
31 1 1 0 0 1 1 0 0 0 0 1 0 0 0 0 0 0 0 0 0 0 0
fn=_dl_audit_activity_nsid
45 3 1 0 0 1 1 0 1 0 0 0 0 0 0 0 0 0 0 0 0 0 0
47 3 2 0 1 1 2 2 0 0 0 0 0 0 0 0 0 0 0 0 0 0 0
fn=_dl_audit_objclose
fn=_dl_audit_objopen
78 4 1 0 0 1 1 1 0 0 0 0 0 0 0 0 0 0 0 0 0 0 0
fn=_dl_audit_preinit
119 2 1 0 0 1 1 1 0 0 0 0 0 0 0 0 0 0 0 0 0 0 0
fl=/usr/src/debug/glibc-2.28-251.el8_10.14.x86_64/elf/dl-cache.c
fn=_dl_cache_libcmp
361 110 14 13 1 0 14 6 6 1 0 0 0 0 0 1 0 0 0 0 0 0 0
fn=_dl_load_cache_lookup
411 1 1 1 0 0 1 0 0 0 0 0 1 0 0 0 0 0 0 0 0 0 0
423 3 1 1 0 0 1 0 0 0 0 0 0 1 0 0 0 0 0 0 0 0 0
fn=_dl_unload_cache
528 1 1 0 0 1 1 0 0 0 0 1 0 0 0 0 0 0 0 0 0 0 0
fn=search_cache
209 5 1 0 0 1 1 0 0 1 0 0 0 0 0 0 0 0 0 0 0 0 0
222 12 8 8 0 0 8 6 1 0 0 0 0 1 0 0 0 0 0 0 0 0 0
356 9 1 0 1 0 1 0 0 0 0 0 0 0 0 0 0 0 1 0 0 0 0
fl=/usr/src/debug/glibc-2.28-251.el8_10.14.x86_64/elf/dl-call-libc-early-init.c
fn=_dl_call_libc_early_init
fl=/usr/src/debug/glibc-2.28-251.el8_10.14.x86_64/elf/dl-debug.c
fn=_dl_debug_initialize
50 4 4 0 2 2 4 0 4 0 0 0 0 0 0 0 0 0 0 0 0 0 0
54 4 3 0 0 3 3 0 1 0 0 1 0 0 0 0 1 0 0 0 0 0 0
59 2 1 0 0 1 1 0 0 1 0 0 0 0 0 0 0 0 0 0 0 0 0
fn=_dl_debug_state
fl=/usr/src/debug/glibc-2.28-251.el8_10.14.x86_64/elf/dl-deps.c
fn=_dl_map_object_deps
145 2 1 0 0 1 1 0 0 0 0 0 0 0 0 0 0 0 0 0 1 0 0
159 8 1 0 0 1 1 0 0 0 0 0 0 0 0 0 0 1 0 0 0 0 0
160 1 1 0 0 1 1 0 0 0 0 0 0 1 0 0 0 0 0 0 0 0 0
213 8 4 0 1 3 4 0 1 3 0 0 0 0 0 0 0 0 0 0 0 0 0
214 11 3 1 0 2 3 0 3 0 0 0 0 0 0 0 0 0 0 0 0 0 0
224 8 5 0 3 2 5 0 1 0 3 0 0 0 0 0 1 0 0 0 0 0 0
226 6 3 0 1 2 3 0 2 0 0 0 0 0 0 0 1 0 0 0 0 0 0
237 58 13 0 2 11 13 0 3 0 1 0 0 0 7 0 1 0 1 0 0 0 0
244 6 1 0 0 1 1 0 1 0 0 0 0 0 0 0 0 0 0 0 0 0 0
268 2 1 0 0 1 1 0 0 0 0 0 0 0 0 0 0 0 0 0 0 1 0
271 4 2 0 1 1 2 0 0 0 0 0 0 0 0 0 1 1 0 0 0 0 0
303 3 1 0 0 1 1 0 0 0 0 0 0 0 1 0 0 0 0 0 0 0 0
435 2 1 0 0 1 1 0 0 0 1 0 0 0 0 0 0 0 0 0 0 0 0
445 2 2 1 0 1 2 0 0 0 0 0 1 0 0 0 0 0 0 0 1 0 0
451 2 1 0 0 1 1 1 0 0 0 0 0 0 0 0 0 0 0 0 0 0 0
458 5 1 0 1 0 1 0 0 0 0 1 0 0 0 0 0 0 0 0 0 0 0
464 2 1 0 0 1 1 1 0 0 0 0 0 0 0 0 0 0 0 0 0 0 0
468 2 1 0 0 1 1 0 1 0 0 0 0 0 0 0 0 0 0 0 0 0 0
487 1 1 0 0 1 1 0 0 1 0 0 0 0 0 0 0 0 0 0 0 0 0
500 12 1 1 0 0 1 0 0 0 0 0 0 0 0 0 0 0 0 0 1 0 0
508 1 1 0 0 1 1 1 0 0 0 0 0 0 0 0 0 0 0 0 0 0 0
560 1 1 0 0 1 1 0 1 0 0 0 0 0 0 0 0 0 0 0 0 0 0
618 2 1 0 1 0 1 0 0 0 0 0 1 0 0 0 0 0 0 0 0 0 0
639 7 1 0 0 1 1 0 0 0 0 0 0 0 0 0 0 0 0 0 0 0 1
fn=openaux
64 12 2 0 1 1 2 0 1 0 0 0 0 0 0 0 0 0 0 0 1 0 0
fl=/usr/src/debug/glibc-2.28-251.el8_10.14.x86_64/elf/dl-environ.c
fn=_dl_next_ld_env_entry
32 200 26 0 0 26 26 0 0 0 0 0 1 0 0 0 1 0 0 0 0 0 24
34 199 129 0 0 129 129 76 37 13 3 0 0 0 0 0 0 0 0 0 0 0 0
35 18 2 0 0 2 2 1 1 0 0 0 0 0 0 0 0 0 0 0 0 0 0
40 2 1 0 0 1 1 0 1 0 0 0 0 0 0 0 0 0 0 0 0 0 0
42 2 1 0 0 1 1 0 0 0 0 0 0 0 0 0 1 0 0 0 0 0 0
fl=/usr/src/debug/glibc-2.28-251.el8_10.14.x86_64/elf/dl-error-skeleton.c
fn=_dl_catch_error
fn=_dl_catch_exception
175 18 4 3 1 0 4 0 0 0 0 0 0 0 0 0 0 0 2 0 0 0 2
199 6 2 1 0 1 2 0 0 0 0 0 0 0 0 0 0 0 0 0 0 0 2
209 6 2 0 1 1 2 0 0 0 0 0 0 0 2 0 0 0 0 0 0 0 0
210 9 3 0 0 3 3 0 0 0 0 0 0 0 1 0 0 1 0 0 1 0 0
219 6 1 0 0 1 1 0 0 0 0 0 0 0 0 0 0 0 1 0 0 0 0
fn=_dl_receive_error
240 1 1 0 0 1 1 0 1 0 0 0 0 0 0 0 0 0 0 0 0 0 0
249 1 1 0 0 1 1 0 1 0 0 0 0 0 0 0 0 0 0 0 0 0 0
fl=/usr/src/debug/glibc-2.28-251.el8_10.14.x86_64/elf/dl-fini.c
fn=_dl_fini
55 1 1 0 0 1 32 0 0 32 0 0 0 0 0 0 0 0 0 0 0 0 0
60 3 1 0 1 0 1 0 1 0 0 0 0 0 0 0 0 0 0 0 0 0 0
79 4 3 0 0 3 2 0 0 0 2 0 0 0 0 0 0 0 0 0 0 0 0
84 4 3 0 0 3 3 1 0 1 0 1 0 0 0 0 0 0 0 0 0 0 0
89 4 1 0 0 1 1 0 1 0 0 0 0 0 0 0 0 0 0 0 0 0 0
122 4 4 0 0 4 2 0 1 0 1 0 0 0 0 0 0 0 0 0 0 0 0
137 6 4 0 0 4 2 0 1 0 1 0 0 0 0 0 0 0 0 0 0 0 0
141 4 2 0 0 2 1 0 0 0 1 0 0 0 0 0 0 0 0 0 0 0 0
146 6 1 0 0 1 1 0 1 0 0 0 0 0 0 0 0 0 0 0 0 0 0
fl=/usr/src/debug/glibc-2.28-251.el8_10.14.x86_64/elf/dl-hwcaps.c
fn=_dl_important_hwcaps
100 1 1 0 0 1 1 0 1 0 0 0 0 0 0 0 0 0 0 0 0 0 0
127 6 1 0 0 1 1 0 0 0 0 0 0 0 1 0 0 0 0 0 0 0 0
172 10 1 1 0 0 1 0 0 0 0 0 0 0 0 0 0 0 0 0 0 0 1
173 3 1 1 0 0 1 0 0 0 0 0 0 0 0 0 0 0 0 0 0 0 1
175 2 1 0 0 1 1 0 1 0 0 0 0 0 0 0 0 0 0 0 0 0 0
201 4 1 1 0 0 1 0 0 0 0 0 0 0 0 0 0 0 0 0 0 0 1
211 4 1 1 0 0 1 0 1 0 0 0 0 0 0 0 0 0 0 0 0 0 0
254 5 1 1 0 0 1 0 0 0 0 0 0 1 0 0 0 0 0 0 0 0 0
339 8 1 1 0 0 1 0 0 0 0 0 0 0 0 0 0 0 0 0 0 0 1
fn=copy_hwcaps.isra.1
79 6 1 1 0 0 1 0 0 0 0 0 0 0 0 0 0 0 0 0 0 0 1
80 12 2 2 0 0 2 0 0 0 0 0 0 0 0 0 0 0 0 0 0 1 1
fn=update_hwcaps_counts
fl=/usr/src/debug/glibc-2.28-251.el8_10.14.x86_64/elf/dl-hwcaps_split.c
fn=_dl_hwcaps_contains
fn=_dl_hwcaps_split
fn=_dl_hwcaps_split.part.1
34 30 1 1 0 0 1 0 0 0 1 0 0 0 0 0 0 0 0 0 0 0 0
41 9 1 1 0 0 1 0 0 0 0 0 0 0 0 0 0 0 0 0 1 0 0
fn=_dl_hwcaps_split_masked
fl=/usr/src/debug/glibc-2.28-251.el8_10.14.x86_64/elf/dl-init.c
fn=_dl_init
30 6 3 0 1 2 3 3 0 0 0 0 0 0 0 0 0 0 0 0 0 0 0
80 1 1 0 0 1 1 0 0 0 1 0 0 0 0 0 0 0 0 0 0 0 0
84 1 1 0 0 1 1 0 1 0 0 0 0 0 0 0 0 0 0 0 0 0 0
117 1 1 0 0 1 1 0 0 1 0 0 0 0 0 0 0 0 0 0 0 0 0
119 8 4 0 1 3 4 0 2 0 2 0 0 0 0 0 0 0 0 0 0 0 0
fn=call_init.part.0
39 8 5 0 0 5 5 4 0 0 1 0 0 0 0 0 0 0 0 0 0 0 0
44 3 1 0 0 1 1 0 1 0 0 0 0 0 0 0 0 0 0 0 0 0 0
45 1 1 0 0 1 1 0 1 0 0 0 0 0 0 0 0 0 0 0 0 0 0
58 8 4 0 0 4 4 0 1 0 2 0 1 0 0 0 0 0 0 0 0 0 0
68 4 2 0 0 2 2 0 2 0 0 0 0 0 0 0 0 0 0 0 0 0 0
72 4 2 0 0 2 2 0 2 0 0 0 0 0 0 0 0 0 0 0 0 0 0
fl=/usr/src/debug/glibc-2.28-251.el8_10.14.x86_64/elf/dl-load.c
fn=_dl_dst_count
236 105 1 0 0 1 1 0 0 0 0 0 0 0 0 0 1 0 0 0 0 0 0
239 21 1 0 0 1 1 0 0 0 0 0 0 0 0 0 0 0 1 0 0 0 0
fn=_dl_init_paths
702 2 1 1 0 0 1 0 1 0 0 0 0 0 0 0 0 0 0 0 0 0 0
730 1 1 0 0 1 1 0 1 0 0 0 0 0 0 0 0 0 0 0 0 0 0
740 2 1 1 0 0 1 0 0 0 0 0 0 0 0 0 0 0 0 0 1 0 0
744 2 1 1 0 0 1 0 0 0 0 0 0 0 0 0 0 0 0 0 0 0 1
750 20 1 1 0 0 1 0 0 0 0 0 0 0 0 0 0 0 0 0 0 0 1
758 1 1 0 0 1 1 0 1 0 0 0 0 0 0 0 0 0 0 0 0 0 0
764 1 1 0 0 1 1 0 1 0 0 0 0 0 0 0 0 0 0 0 0 0 0
769 1 1 0 1 0 1 0 0 1 0 0 0 0 0 0 0 0 0 0 0 0 0
771 1 1 0 1 0 1 0 1 0 0 0 0 0 0 0 0 0 0 0 0 0 0
788 1 1 0 0 1 1 0 1 0 0 0 0 0 0 0 0 0 0 0 0 0 0
807 1 1 0 0 1 1 0 0 0 0 0 0 0 0 0 0 0 0 0 0 1 0
809 3 1 1 0 0 1 0 0 0 0 0 0 0 0 0 0 0 0 0 0 0 1
818 1 1 0 1 0 1 0 1 0 0 0 0 0 0 0 0 0 0 0 0 0 0
829 2 1 0 0 1 1 0 0 1 0 0 0 0 0 0 0 0 0 0 0 0 0
839 6 1 0 0 1 1 0 0 0 0 0 0 0 0 0 1 0 0 0 0 0 0
fn=_dl_map_object
664 3 2 0 1 1 2 0 1 1 0 0 0 0 0 0 0 0 0 0 0 0 0
1931 24 4 4 0 0 4 0 0 0 0 0 2 0 0 0 0 0 0 2 0 0 0
1940 3 3 1 0 2 3 0 3 0 0 0 0 0 0 0 0 0 0 0 0 0 0
1948 14 3 0 0 3 3 3 0 0 0 0 0 0 0 0 0 0 0 0 0 0 0
1955 6 4 0 0 4 4 0 4 0 0 0 0 0 0 0 0 0 0 0 0 0 0
1959 4 2 0 0 2 2 0 2 0 0 0 0 0 0 0 0 0 0 0 0 0 0
1974 8 1 0 0 1 1 0 0 1 0 0 0 0 0 0 0 0 0 0 0 0 0
1998 2 2 2 0 0 2 0 0 0 0 0 0 0 0 1 0 0 0 1 0 0 0
2013 1 1 0 0 1 1 0 1 0 0 0 0 0 0 0 0 0 0 0 0 0 0
2063 1 1 0 0 1 1 0 0 0 1 0 0 0 0 0 0 0 0 0 0 0 0
2079 1 1 0 0 1 1 0 1 0 0 0 0 0 0 0 0 0 0 0 0 0 0
2113 1 1 0 0 1 1 1 0 0 0 0 0 0 0 0 0 0 0 0 0 0 0
2141 1 1 0 1 0 1 0 1 0 0 0 0 0 0 0 0 0 0 0 0 0 0
2235 23 2 0 0 2 2 0 0 0 0 0 0 0 0 0 0 0 0 0 1 0 1
fn=_dl_map_object_from_fd
877 20 2 2 0 0 2 0 0 0 0 0 0 0 0 0 0 0 0 1 0 0 1
887 6 1 1 0 0 1 0 0 0 0 0 0 0 0 0 0 0 0 0 1 0 0
904 13 6 0 2 4 6 0 6 0 0 0 0 0 0 0 0 0 0 0 0 0 0
905 5 3 0 0 3 3 3 0 0 0 0 0 0 0 0 0 0 0 0 0 0 0
960 2 1 0 1 0 1 1 0 0 0 0 0 0 0 0 0 0 0 0 0 0 0
982 12 1 0 1 0 1 0 0 0 0 0 0 0 1 0 0 0 0 0 0 0 0
994 4 3 1 2 0 3 0 0 0 0 0 0 2 1 0 0 0 0 0 0 0 0
995 8 1 0 1 0 1 0 0 0 0 1 0 0 0 0 0 0 0 0 0 0 0
996 4 1 0 1 0 1 0 0 0 1 0 0 0 0 0 0 0 0 0 0 0 0
1028 20 2 2 0 0 2 1 1 0 0 0 0 0 0 0 0 0 0 0 0 0 0
1040 6 1 0 1 0 1 0 0 1 0 0 0 0 0 0 0 0 0 0 0 0 0
1045 2 1 1 0 0 1 0 1 0 0 0 0 0 0 0 0 0 0 0 0 0 0
1051 12 1 0 1 0 1 0 1 0 0 0 0 0 0 0 0 0 0 0 0 0 0
1075 6 2 2 0 0 2 0 0 0 0 0 0 0 0 0 0 0 0 0 0 1 1
1077 6 1 1 0 0 1 0 0 0 0 0 0 0 0 0 0 0 0 0 0 1 0
1079 6 2 2 0 0 2 0 0 0 0 0 0 0 0 0 0 0 0 0 2 0 0
1102 1 1 1 0 0 1 0 0 0 0 0 0 1 0 0 0 0 0 0 0 0 0
1106 1 1 1 0 0 1 0 0 0 0 0 0 0 0 0 1 0 0 0 0 0 0
1115 1 1 1 0 0 1 0 1 0 0 0 0 0 0 0 0 0 0 0 0 0 0
1187 4 1 0 1 0 1 0 0 0 0 0 0 0 0 0 1 0 0 0 0 0 0
1245 4 2 0 0 2 2 0 0 0 0 1 0 0 1 0 0 0 0 0 0 0 0
1293 2 2 1 0 1 2 0 1 0 1 0 0 0 0 0 0 0 0 0 0 0 0
1297 4 1 0 1 0 1 0 0 1 0 0 0 0 0 0 0 0 0 0 0 0 0
1308 6 1 0 0 1 1 0 1 0 0 0 0 0 0 0 0 0 0 0 0 0 0
1310 2 1 0 1 0 1 1 0 0 0 0 0 0 0 0 0 0 0 0 0 0 0
1326 2 1 0 1 0 1 0 0 0 0 0 0 0 1 0 0 0 0 0 0 0 0
1330 2 1 0 0 1 1 0 0 0 0 0 0 0 0 0 0 0 0 0 1 0 0
1349 1 1 0 0 1 1 0 0 0 1 0 0 0 0 0 0 0 0 0 0 0 0
1352 6 3 0 2 1 3 0 1 0 2 0 0 0 0 0 0 0 0 0 0 0 0
1374 6 3 1 0 2 3 0 2 0 1 0 0 0 0 0 0 0 0 0 0 0 0
1376 21 2 2 0 0 2 0 0 1 0 0 0 0 0 0 0 0 0 0 0 0 1
1377 2 2 0 2 0 2 0 2 0 0 0 0 0 0 0 0 0 0 0 0 0 0
1384 2 1 0 0 1 1 0 0 0 1 0 0 0 0 0 0 0 0 0 0 0 0
1385 1 1 0 1 0 1 1 0 0 0 0 0 0 0 0 0 0 0 0 0 0 0
1400 4 3 0 1 2 3 1 1 1 0 0 0 0 0 0 0 0 0 0 0 0 0
1423 6 2 0 0 2 2 2 0 0 0 0 0 0 0 0 0 0 0 0 0 0 0
1428 14 1 0 0 1 1 0 1 0 0 0 0 0 0 0 0 0 0 0 0 0 0
fn=expand_dynamic_string_token
393 19 11 2 9 0 11 0 0 0 0 0 0 0 0 0 0 0 0 0 10 0 1
fn=fillin_rpath
452 12 2 2 0 0 2 0 0 0 0 0 0 0 0 0 0 0 2 0 0 0 0
456 60 1 0 1 0 1 0 0 0 0 0 1 0 0 0 0 0 0 0 0 0 0
491 228 35 0 35 0 35 0 35 0 0 0 0 0 0 0 0 0 0 0 0 0 0
492 221 39 0 39 0 39 0 22 0 16 0 1 0 0 0 0 0 0 0 0 0 0
510 19 18 0 18 0 18 0 0 0 0 0 1 0 0 0 0 0 17 0 0 0 0
520 38 11 9 2 0 11 0 0 0 0 0 0 0 0 0 0 0 0 2 0 0 9
522 38 2 2 0 0 2 0 0 0 0 0 0 0 0 0 0 0 0 2 0 0 0
543 38 3 0 3 0 3 0 3 0 0 0 0 0 0 0 0 0 0 0 0 0 0
547 19 10 2 7 1 10 0 8 0 1 0 0 0 0 0 0 0 0 0 0 0 1
556 7 1 0 0 1 1 0 0 0 0 0 0 0 0 0 0 0 1 0 0 0 0
fn=open_path
1779 6 1 1 0 0 1 0 1 0 0 0 0 0 0 0 0 0 0 0 0 0 0
1780 2 1 1 0 0 1 0 0 0 0 0 0 0 0 0 0 0 0 0 0 0 1
1791 11 5 2 0 3 5 0 2 0 1 1 0 0 0 1 0 0 0 0 0 0 0
1810 76 25 1 1 23 25 0 4 0 0 0 4 0 0 0 7 0 0 0 3 0 7
1814 190 2 0 1 1 2 0 0 0 1 0 0 0 1 0 0 0 0 0 0 0 0
1819 1520 16 0 14 2 16 0 1 0 4 0 0 0 8 0 0 0 0 0 0 0 3
1841 720 19 0 19 0 19 14 5 0 0 0 0 0 0 0 0 0 0 0 0 0 0
1861 247 11 0 11 0 11 0 11 0 0 0 0 0 0 0 0 0 0 0 0 0 0
1907 57 5 0 2 3 5 0 3 0 0 0 0 0 0 0 0 0 0 0 1 0 1
1924 7 1 0 0 1 1 0 0 0 0 0 0 0 0 0 1 0 0 0 0 0 0
fn=open_verify.constprop.9
1481 1344 1 1 0 0 1 0 0 0 0 0 0 1 0 0 0 0 0 0 0 0 0
1520 192 1 0 1 0 1 1 0 0 0 0 0 0 0 0 0 0 0 0 0 0 0
1539 192 2 2 0 0 2 0 0 0 2 0 0 0 0 0 0 0 0 0 0 0 0
1552 2 1 0 0 1 1 1 0 0 0 0 0 0 0 0 0 0 0 0 0 0 0
1553 2 1 1 0 0 1 0 0 0 0 0 0 0 0 0 0 0 1 0 0 0 0
1586 19 4 3 0 1 4 0 1 0 1 0 0 0 1 1 0 0 0 0 0 0 0
1658 2 1 1 0 0 1 0 0 1 0 0 0 0 0 0 0 0 0 0 0 0 0
1688 16 12 12 0 0 12 2 1 0 0 1 0 1 0 1 0 1 2 1 2 0 0
1729 8 2 2 0 0 2 0 0 0 0 0 0 1 0 0 1 0 0 0 0 0 0
fl=/usr/src/debug/glibc-2.28-251.el8_10.14.x86_64/elf/dl-lookup-direct.c
fn=_dl_lookup_direct
78 2 1 0 0 1 1 1 0 0 0 0 0 0 0 0 0 0 0 0 0 0 0
84 1 1 1 0 0 1 1 0 0 0 0 0 0 0 0 0 0 0 0 0 0 0
fn=check_match
32 1 1 0 1 0 1 0 0 0 1 0 0 0 0 0 0 0 0 0 0 0 0
33 1 1 0 1 0 1 0 0 0 1 0 0 0 0 0 0 0 0 0 0 0 0
35 1 1 1 0 0 1 0 0 0 1 0 0 0 0 0 0 0 0 0 0 0 0
57 2 2 1 1 0 2 1 1 0 0 0 0 0 0 0 0 0 0 0 0 0 0
58 2 1 0 1 0 1 0 0 1 0 0 0 0 0 0 0 0 0 0 0 0 0
fl=/usr/src/debug/glibc-2.28-251.el8_10.14.x86_64/elf/dl-lookup.c
fn=_dl_lookup_symbol_x
593 1599 124 94 8 22 124 15 26 18 22 12 11 10 8 2 0 0 0 0 0 0 0
852 872 34 0 11 23 33 0 7 0 0 0 0 0 0 6 9 0 0 0 10 1 0
854 109 8 0 6 2 8 0 0 0 0 0 8 0 0 0 0 0 0 0 0 0 0
858 109 16 0 3 13 16 0 15 0 1 0 0 0 0 0 0 0 0 0 0 0 0
865 436 19 0 6 13 19 0 13 0 6 0 0 0 0 0 0 0 0 0 0 0 0
871 14 2 0 0 2 2 0 2 0 0 0 0 0 0 0 0 0 0 0 0 0 0
872 1410 21 0 12 9 21 0 0 0 1 0 0 0 0 0 0 0 0 0 7 0 13
877 109 2 0 2 0 2 0 2 0 0 0 0 0 0 0 0 0 0 0 0 0 0
879 7 2 0 2 0 2 1 0 1 0 0 0 0 0 0 0 0 0 0 0 0 0
901 200 14 0 14 0 14 13 0 1 0 0 0 0 0 0 0 0 0 0 0 0 0
941 102 4 0 4 0 4 2 0 0 0 0 1 0 0 0 1 0 0 0 0 0 0
955 102 40 0 14 26 39 39 0 0 0 0 0 0 0 0 0 0 0 0 0 0 0
958 102 16 0 16 0 15 13 0 2 0 0 0 0 0 0 0 0 0 0 0 0 0
965 763 197 0 197 0 197 0 3 0 0 0 0 0 91 3 94 0 0 0 2 0 4
fn=_dl_setup_hash
975 4 1 0 0 1 1 0 1 0 0 0 0 0 0 0 0 0 0 0 0 0 0
977 4 1 0 0 1 1 0 1 0 0 0 0 0 0 0 0 0 0 0 0 0 0
979 8 5 4 1 0 5 0 2 0 2 0 0 0 0 1 0 0 0 0 0 0 0
981 4 2 2 0 0 2 0 2 0 0 0 0 0 0 0 0 0 0 0 0 0 0
992 4 1 0 1 0 1 0 0 1 0 0 0 0 0 0 0 0 0 0 0 0 0
fn=check_match
69 714 72 17 32 23 71 2 2 27 28 0 1 0 8 0 0 0 0 0 0 0 3
72 102 7 4 0 3 7 0 6 0 0 0 1 0 0 0 0 0 0 0 0 0 0
85 204 46 0 23 23 45 43 0 2 0 0 0 0 0 0 0 0 0 0 0 0 0
88 99 2 0 0 2 2 0 2 0 0 0 0 0 0 0 0 0 0 0 0 0 0
92 102 19 0 1 18 19 0 19 0 0 0 0 0 0 0 0 0 0 0 0 0 0
114 200 45 7 22 16 45 43 1 0 0 0 0 1 0 0 0 0 0 0 0 0 0
115 300 211 0 162 49 211 15 99 94 1 1 0 1 0 0 0 0 0 0 0 0 0
116 300 10 0 2 8 10 0 10 0 0 0 0 0 0 0 0 0 0 0 0 0 0
145 4 2 1 0 1 2 2 0 0 0 0 0 0 0 0 0 0 0 0 0 0 0
fn=do_lookup_x
288 306 6 0 6 0 6 0 0 0 0 0 0 0 0 0 0 0 0 0 0 0 6
362 1308 120 0 102 18 119 0 0 0 0 3 0 0 0 0 0 88 0 16 2 0 10
363 109 97 0 74 23 96 0 0 96 0 0 0 0 0 0 0 0 0 0 0 0 0
373 690 243 0 165 78 242 0 158 0 20 0 47 0 17 0 0 0 0 0 0 0 0
380 348 1 0 1 0 1 1 0 0 0 0 0 0 0 0 0 0 0 0 0 0 0
401 344 218 0 149 69 216 163 0 3 0 1 12 0 0 0 37 0 0 0 0 0 0
405 344 27 0 21 6 27 27 0 0 0 0 0 0 0 0 0 0 0 0 0 0 0
411 344 152 0 111 41 152 0 0 0 0 151 0 1 0 0 0 0 0 0 0 0 0
415 344 1 0 1 0 1 0 0 1 0 0 0 0 0 0 0 0 0 0 0 0 0
419 1032 458 0 332 126 458 0 14 0 442 0 0 0 1 0 0 0 1 0 0 0 0
420 1032 24 0 8 16 23 0 23 0 0 0 0 0 0 0 0 0 0 0 0 0 0
426 344 205 32 46 127 205 0 195 3 5 0 2 0 0 0 0 0 0 0 0 0 0
437 206 98 44 5 49 97 96 1 0 0 0 0 0 0 0 0 0 0 0 0 0 0
444 200 102 59 1 42 102 42 39 13 7 1 0 0 0 0 0 0 0 0 0 0 0
447 1533 24 0 17 7 23 0 0 0 1 0 0 0 0 0 0 0 0 0 19 1 2
493 102 2 0 2 0 2 0 1 0 0 0 0 0 0 0 0 0 0 0 1 0 0
551 13 13 0 2 11 13 12 1 0 0 0 0 0 0 0 0 0 0 0 0 0 0
563 204 21 0 21 0 21 0 0 0 2 1 13 0 0 3 0 0 1 0 0 0 1
586 763 3 0 3 0 3 0 0 0 0 0 0 0 0 0 2 0 0 1 0 0 0
fl=/usr/src/debug/glibc-2.28-251.el8_10.14.x86_64/elf/dl-minimal.c
fn=__rtld_malloc_init_real
112 1 1 0 0 1 1 0 0 0 0 0 0 0 1 0 0 0 0 0 0 0 0
fn=__rtld_malloc_init_stubs
56 1 1 1 0 0 1 0 0 0 0 0 0 0 0 0 0 0 0 1 0 0 0
fn=lookup_malloc_symbol
77 16 2 0 1 1 2 0 2 0 0 0 0 0 0 0 0 0 0 0 0 0 0
fn=rtld_calloc
fn=rtld_free
fn=rtld_malloc
129 115 14 0 12 2 14 0 0 0 0 0 13 0 1 0 0 0 0 0 0 0 0
135 1 1 0 0 1 1 0 0 0 0 0 0 0 1 0 0 0 0 0 0 0 0
148 2 2 0 0 2 2 0 1 0 0 0 0 1 0 0 0 0 0 0 0 0 0
fn=strsep
344 20 12 1 11 0 12 12 0 0 0 0 0 0 0 0 0 0 0 0 0 0 0
351 1189 9 0 4 5 9 0 0 0 2 0 0 0 0 1 0 0 0 0 0 0 6
358 2340 18 1 17 0 18 18 0 0 0 0 0 0 0 0 0 0 0 0 0 0 0
fl=/usr/src/debug/glibc-2.28-251.el8_10.14.x86_64/elf/dl-misc.c
fn=_dl_name_match_p
340 28 1 1 0 0 1 0 0 0 0 0 0 0 0 0 0 0 0 0 0 0 1
341 28 7 0 4 3 7 0 5 0 1 0 1 0 0 0 0 0 0 0 0 0 0
344 14 6 0 2 4 6 0 1 0 4 0 1 0 0 0 0 0 0 0 0 0 0
347 36 15 0 2 13 15 0 7 0 6 0 1 0 1 0 0 0 0 0 0 0 0
fn=_dl_sysdep_read_whole_file
52 2 1 1 0 0 1 0 0 0 0 0 1 0 0 0 0 0 0 0 0 0 0
fl=/usr/src/debug/glibc-2.28-251.el8_10.14.x86_64/elf/dl-object.c
fn=_dl_add_to_namespace_list
33 6 2 0 0 2 2 0 1 0 0 1 0 0 0 0 0 0 0 0 0 0 0
35 3 2 0 1 1 2 0 0 2 0 0 0 0 0 0 0 0 0 0 0 0 0
38 5 5 0 2 3 5 0 4 0 1 0 0 0 0 0 0 0 0 0 0 0 0
47 6 2 1 0 1 2 0 2 0 0 0 0 0 0 0 0 0 0 0 0 0 0
fn=_dl_new_object
59 27 5 3 0 2 5 0 0 0 1 0 0 0 0 0 0 1 0 1 0 0 2
98 3 2 2 0 0 2 0 0 0 0 0 0 0 1 0 1 0 0 0 0 0 0
99 6 3 3 0 0 3 0 0 0 0 0 0 1 0 0 0 2 0 0 0 0 0
103 3 1 1 0 0 1 0 0 0 1 0 0 0 0 0 0 0 0 0 0 0 0
104 15 2 2 0 0 2 0 0 0 0 0 0 0 2 0 0 0 0 0 0 0 0
127 12 4 4 0 0 4 0 1 1 0 2 0 0 0 0 0 0 0 0 0 0 0
130 3 1 0 1 0 1 1 0 0 0 0 0 0 0 0 0 0 0 0 0 0 0
131 3 3 3 0 0 3 3 0 0 0 0 0 0 0 0 0 0 0 0 0 0 0
141 16 4 4 0 0 4 0 0 0 0 0 0 0 4 0 0 0 0 0 0 0 0
149 3 2 2 0 0 2 0 0 0 2 0 0 0 0 0 0 0 0 0 0 0 0
150 3 3 3 0 0 3 0 0 0 0 0 1 0 0 0 2 0 0 0 0 0 0
155 3 2 1 1 0 2 0 1 1 0 0 0 0 0 0 0 0 0 0 0 0 0
157 2 1 1 0 0 1 0 0 0 0 0 0 0 0 0 1 0 0 0 0 0 0
164 2 2 0 0 2 2 0 2 0 0 0 0 0 0 0 0 0 0 0 0 0 0
263 21 2 0 2 0 2 0 0 0 0 0 0 0 0 0 0 1 0 0 1 0 0
fl=/usr/src/debug/glibc-2.28-251.el8_10.14.x86_64/elf/dl-open.c
fn=_dl_find_dso_for_object
217 3 3 0 0 3 3 0 3 0 0 0 0 0 0 0 0 0 0 0 0 0 0
218 6 3 0 0 3 3 0 0 0 3 0 0 0 0 0 0 0 0 0 0 0 0
219 1 1 0 0 1 1 0 0 0 0 0 1 0 0 0 0 0 0 0 0 0 0
222 1 1 0 0 1 1 0 0 0 1 0 0 0 0 0 0 0 0 0 0 0 0
fl=/usr/src/debug/glibc-2.28-251.el8_10.14.x86_64/elf/dl-reloc.c
fn=_dl_protect_relro
349 12 3 0 0 3 3 0 1 1 0 0 1 0 0 0 0 0 0 0 0 0 0
fn=_dl_relocate_object
184 4 2 0 1 1 2 1 0 0 0 0 0 0 0 1 0 0 0 0 0 0 0
189 4 3 0 0 3 3 0 0 3 0 0 0 0 0 0 0 0 0 0 0 0 0
212 4 4 0 0 4 4 0 0 0 0 0 2 0 2 0 0 0 0 0 0 0 0
266 12 7 0 1 6 7 0 0 0 6 0 0 0 1 0 0 0 0 0 0 0 0
294 95 17 0 1 16 17 0 10 0 2 0 4 0 0 0 0 0 0 0 0 0 1
321 4 3 0 1 2 3 3 0 0 0 0 0 0 0 0 0 0 0 0 0 0 0
341 4 4 0 0 4 4 0 1 0 3 0 0 0 0 0 0 0 0 0 0 0 0
343 35 4 0 0 4 4 0 0 0 0 0 0 0 0 0 0 0 0 0 2 0 2
fl=/usr/src/debug/glibc-2.28-251.el8_10.14.x86_64/elf/dl-runtime.c
fn=_dl_fixup
48 16 15 0 0 15 15 0 0 0 15 0 0 0 0 0 0 0 0 0 0 0 0
53 8 8 0 0 8 8 0 8 0 0 0 0 0 0 0 0 0 0 0 0 0 0
54 8 5 0 0 5 5 0 5 0 0 0 0 0 0 0 0 0 0 0 0 0 0
55 24 8 0 0 8 8 0 0 0 8 0 0 0 0 0 0 0 0 0 0 0 0
57 16 8 0 1 7 8 0 8 0 0 0 0 0 0 0 0 0 0 0 0 0 0
66 8 8 2 0 6 8 0 8 0 0 0 0 0 0 0 0 0 0 0 0 0 0
68 8 8 0 0 8 8 8 0 0 0 0 0 0 0 0 0 0 0 0 0 0 0
70 8 8 0 0 8 8 0 8 0 0 0 0 0 0 0 0 0 0 0 0 0 0
74 16 14 0 0 14 14 6 8 0 0 0 0 0 0 0 0 0 0 0 0 0 0
75 8 8 0 0 8 8 0 4 0 0 0 0 4 0 0 0 0 0 0 0 0 0
84 8 8 0 5 3 8 5 0 3 0 0 0 0 0 0 0 0 0 0 0 0 0
94 40 11 0 1 10 11 0 6 0 0 0 0 0 0 0 0 0 0 0 0 0 5
124 1 1 0 1 0 1 0 0 0 0 0 0 0 0 0 0 0 1 0 0 0 0
132 8 5 0 5 0 5 0 5 0 0 0 0 0 0 0 0 0 0 0 0 0 0
158 8 7 0 1 6 7 7 0 0 0 0 0 0 0 0 0 0 0 0 0 0 0
fl=/usr/src/debug/glibc-2.28-251.el8_10.14.x86_64/elf/dl-sort-maps.c
fn=_dl_sort_maps
216 8 1 0 1 0 1 0 0 0 1 0 0 0 0 0 0 0 0 0 0 0 0
312 14 1 0 1 0 1 0 0 0 0 0 0 1 0 0 0 0 0 0 0 0 0
320 2 2 0 0 2 2 2 0 0 0 0 0 0 0 0 0 0 0 0 0 0 0
fn=_dl_sort_maps_init
305 1 1 1 0 0 1 1 0 0 0 0 0 0 0 0 0 0 0 0 0 0 0
fn=dfs_traversal
150 8 3 0 1 2 2 0 2 0 0 0 0 0 0 0 0 0 0 0 0 0 0
152 15 3 0 0 3 2 0 0 0 0 0 1 0 0 0 1 0 0 0 0 0 0
161 4 1 0 1 0 1 0 1 0 0 0 0 0 0 0 0 0 0 0 0 0 0
fl=/usr/src/debug/glibc-2.28-251.el8_10.14.x86_64/elf/dl-tunables.c
fn=__GI___tunables_init
69 200 82 0 60 22 82 0 65 0 1 0 3 0 1 0 0 0 1 0 0 0 11
75 3164 164 152 12 0 164 17 17 19 22 26 13 8 8 5 11 7 4 3 2 1 1
84 199 14 1 13 0 14 0 13 0 0 0 0 0 0 0 0 0 0 0 0 0 1
318 12736 201 0 179 22 201 0 0 118 37 41 3 0 2 0 0 0 0 0 0 0 0
364 7 1 0 0 1 1 0 0 0 0 0 0 0 0 0 0 0 0 0 0 0 1
fn=__tunable_get_val
415 25 17 0 1 16 17 4 0 1 11 1 0 0 0 0 0 0 0 0 0 0 0
419 36 2 0 0 2 2 0 0 2 0 0 0 0 0 0 0 0 0 0 0 0 0
424 8 2 0 0 2 2 0 0 2 0 0 0 0 0 0 0 0 0 0 0 0 0
fl=/usr/src/debug/glibc-2.28-251.el8_10.14.x86_64/elf/dl-tunables.h
fn=__GI___tunables_init
124 3734 195 8 187 0 195 143 40 3 4 1 2 2 0 0 0 0 0 0 0 0 0
fl=/usr/src/debug/glibc-2.28-251.el8_10.14.x86_64/elf/dl-version.c
fn=_dl_check_all_versions
362 4 1 0 0 1 1 0 0 0 0 0 0 0 0 0 0 0 0 0 0 0 1
366 4 3 0 3 0 3 0 1 0 2 0 0 0 0 0 0 0 0 0 0 0 0
368 8 3 0 1 2 3 2 1 0 0 0 0 0 0 0 0 0 0 0 0 0 0
371 5 1 0 0 1 1 0 0 0 0 0 0 0 0 0 0 0 0 0 1 0 0
fn=_dl_check_map_versions
39 7 2 0 1 1 2 0 0 0 0 0 0 0 2 0 0 0 0 0 0 0 0
57 8 2 0 1 1 2 0 2 0 0 0 0 0 0 0 0 0 0 0 0 0 0
65 4 1 0 1 0 1 1 0 0 0 0 0 0 0 0 0 0 0 0 0 0 0
71 4 2 0 0 2 2 0 2 0 0 0 0 0 0 0 0 0 0 0 0 0 0
87 4 1 0 0 1 1 0 1 0 0 0 0 0 0 0 0 0 0 0 0 0 0
95 34 8 7 0 1 8 1 0 0 1 1 1 0 0 0 1 0 3 0 0 0 0
109 30 4 4 0 0 4 0 0 0 0 0 0 1 0 1 1 1 0 0 0 0 0
114 14 2 0 2 0 2 0 2 0 0 0 0 0 0 0 0 0 0 0 0 0 0
121 26 3 3 0 0 3 0 0 0 0 3 0 0 0 0 0 0 0 0 0 0 0
156 24 1 0 0 1 1 0 0 0 0 0 1 0 0 0 0 0 0 0 0 0 0
171 4 3 0 1 2 3 0 3 0 0 0 0 0 0 0 0 0 0 0 0 0 0
173 12 6 0 3 3 6 0 4 0 0 0 0 0 0 0 0 0 0 0 2 0 0
175 8 2 0 0 2 2 0 2 0 0 0 0 0 0 0 0 0 0 0 0 0 0
176 12 5 0 2 3 5 0 2 0 2 0 0 0 0 0 0 0 1 0 0 0 0
181 6 2 0 0 2 2 0 0 0 2 0 0 0 0 0 0 0 0 0 0 0 0
185 2 2 2 0 0 2 0 1 0 0 0 0 0 0 0 0 0 1 0 0 0 0
214 4 1 0 1 0 1 0 0 0 1 0 0 0 0 0 0 0 0 0 0 0 0
218 36 4 0 3 1 4 0 3 0 0 0 0 0 0 0 0 0 1 0 0 0 0
222 8 1 1 0 0 1 0 0 0 1 0 0 0 0 0 0 0 0 0 0 0 0
225 4 1 0 1 0 1 0 1 0 0 0 0 0 0 0 0 0 0 0 0 0 0
237 4 1 0 1 0 1 0 0 0 0 0 0 0 0 0 0 0 1 0 0 0 0
254 6 2 0 2 0 2 0 2 0 0 0 0 0 0 0 0 0 0 0 0 0 0
257 35 7 3 2 2 7 0 1 0 0 0 1 0 0 0 2 2 1 0 0 0 0
260 35 7 2 2 3 7 0 0 0 1 0 0 0 0 0 5 1 0 0 0 0 0
273 3 3 0 0 3 3 0 2 1 0 0 0 0 0 0 0 0 0 0 0 0 0
285 3 1 0 0 1 1 1 0 0 0 0 0 0 0 0 0 0 0 0 0 0 0
288 9 7 0 1 6 7 0 7 0 0 0 0 0 0 0 0 0 0 0 0 0 0
305 4 3 3 0 0 3 0 0 0 1 0 0 0 1 0 0 0 0 0 1 0 0
342 66 10 10 0 0 10 0 0 1 0 0 0 0 0 0 1 1 0 7 0 0 0
343 66 1 0 1 0 1 0 0 0 0 0 0 0 0 0 1 0 0 0 0 0 0
344 33 4 4 0 0 4 0 0 0 0 0 0 0 0 0 0 0 0 0 4 0 0
357 32 1 0 0 1 1 0 0 0 0 0 0 0 0 0 0 0 1 0 0 0 0
fl=/usr/src/debug/glibc-2.28-251.el8_10.14.x86_64/elf/do-rel.h
fn=_dl_relocate_object
50 8 5 0 0 5 5 0 5 0 0 0 0 0 0 0 0 0 0 0 0 0 0
53 5 1 0 0 1 1 0 0 0 0 0 0 0 0 0 1 0 0 0 0 0 0
65 13 5 5 0 0 5 0 0 0 0 0 0 0 1 0 2 0 2 0 0 0 0
85 14 3 0 1 2 3 0 3 0 0 0 0 0 0 0 0 0 0 0 0 0 0
86 7 2 0 1 1 2 0 2 0 0 0 0 0 0 0 0 0 0 0 0 0 0
110 1 1 1 0 0 1 0 1 0 0 0 0 0 0 0 0 0 0 0 0 0 0
114 1216 154 153 0 1 154 0 0 0 0 0 0 0 1 0 1 0 0 152 0 0 0
120 7 7 0 0 7 7 0 7 0 0 0 0 0 0 0 0 0 0 0 0 0 0
123 10 5 0 0 5 5 0 4 0 0 0 0 0 0 0 0 0 0 0 0 0 1
128 456 115 82 3 30 115 64 10 1 5 1 0 1 1 0 4 0 1 0 1 0 26
130 456 1 0 0 1 1 0 1 0 0 0 0 0 0 0 0 0 0 0 0 0 0
131 152 34 0 22 12 34 0 32 0 0 0 0 2 0 0 0 0 0 0 0 0 0
146 17 17 0 10 7 17 17 0 0 0 0 0 0 0 0 0 0 0 0 0 0 0
160 54 4 0 0 4 4 0 0 0 1 0 2 0 1 0 0 0 0 0 0 0 0
166 41 1 0 1 0 1 0 1 0 0 0 0 0 0 0 0 0 0 0 0 0 0
167 41 1 0 0 1 1 0 1 0 0 0 0 0 0 0 0 0 0 0 0 0 0
177 18 2 2 0 0 2 0 0 0 0 0 0 0 0 0 0 0 1 0 0 0 1
fn=_dl_start
114 50 8 8 0 0 8 0 0 0 0 1 0 0 0 0 0 0 0 6 0 1 0
118 1 1 0 1 0 1 0 1 0 0 0 0 0 0 0 0 0 0 0 0 0 0
128 6 2 2 0 0 2 0 0 0 0 0 0 0 0 0 1 0 0 0 1 0 0
fl=/usr/src/debug/glibc-2.28-251.el8_10.14.x86_64/elf/get-dynamic-info.h
fn=_dl_map_object_from_fd
48 46 13 13 0 0 13 0 1 0 1 0 0 0 1 0 4 0 3 0 3 0 0
64 42 12 11 0 1 12 0 1 0 1 0 3 0 1 0 2 0 2 0 2 0 0
73 2 1 0 1 0 1 0 0 0 1 0 0 0 0 0 0 0 0 0 0 0 0
112 3 1 1 0 0 1 0 1 0 0 0 0 0 0 0 0 0 0 0 0 0 0
154 2 1 0 0 1 1 0 0 0 0 0 1 0 0 0 0 0 0 0 0 0 0
165 4 1 0 1 0 1 1 0 0 0 0 0 0 0 0 0 0 0 0 0 0 0
175 4 1 0 1 0 1 1 0 0 0 0 0 0 0 0 0 0 0 0 0 0 0
fn=_dl_start
48 21 6 6 0 0 6 0 1 0 0 0 0 0 0 0 1 0 1 0 1 0 2
64 19 7 7 0 0 7 0 1 0 1 0 3 0 1 0 0 0 1 0 0 0 0
73 1 1 1 0 0 1 0 1 0 0 0 0 0 0 0 0 0 0 0 0 0 0
fn=dl_main
48 25 7 7 0 0 7 0 1 0 0 0 0 0 3 0 3 0 0 0 0 0 0
64 23 6 6 0 0 6 0 1 0 0 0 1 0 1 0 1 0 1 0 0 0 1
fl=/usr/src/debug/glibc-2.28-251.el8_10.14.x86_64/elf/rtld.c
fn=_dl_start
71 2 2 1 0 1 2 0 2 0 0 0 0 0 0 0 0 0 0 0 0 0 0
473 1 1 1 0 0 1 0 0 0 0 0 1 0 0 0 0 0 0 0 0 0 0
504 6 1 1 0 0 1 0 1 0 0 0 0 0 0 0 0 0 0 0 0 0 0
548 1 1 1 0 0 1 0 0 0 0 0 1 0 0 0 0 0 0 0 0 0 0
566 1 1 1 0 0 1 0 0 0 0 0 0 0 0 0 1 0 0 0 0 0 0
579 1 1 1 0 0 1 0 0 0 0 0 0 0 0 0 0 0 0 0 1 0 0
594 7 2 0 0 2 2 0 0 0 0 0 0 0 0 0 0 0 0 0 2 0 0
fn=dl_main
87 3 3 0 1 2 3 0 1 0 2 0 0 0 0 0 0 0 0 0 0 0 0
194 1 1 1 0 0 1 0 1 0 0 0 0 0 0 0 0 0 0 0 0 0 0
219 2 1 1 0 0 1 0 0 0 1 0 0 0 0 0 0 0 0 0 0 0 0
220 2 2 0 0 2 2 0 2 0 0 0 0 0 0 0 0 0 0 0 0 0 0
879 1 1 0 0 1 1 0 0 0 1 0 0 0 0 0 0 0 0 0 0 0 0
1193 8 1 1 0 0 1 0 0 0 0 0 0 1 0 0 0 0 0 0 0 0 0
1207 1 1 1 0 0 1 0 1 0 0 0 0 0 0 0 0 0 0 0 0 0 0
1211 1 1 1 0 0 1 0 0 0 0 0 1 0 0 0 0 0 0 0 0 0 0
1223 1 1 0 0 1 1 0 0 0 0 0 0 1 0 0 0 0 0 0 0 0 0
1225 3 2 0 0 2 2 0 2 0 0 0 0 0 0 0 0 0 0 0 0 0 0
1226 2 1 0 0 1 1 0 1 0 0 0 0 0 0 0 0 0 0 0 0 0 0
1496 1 1 1 0 0 1 0 0 0 0 0 0 1 0 0 0 0 0 0 0 0 0
1533 11 4 4 0 0 4 1 0 2 1 0 0 0 0 0 0 0 0 0 0 0 0
1551 1 1 0 0 1 1 0 0 0 1 0 0 0 0 0 0 0 0 0 0 0 0
1552 2 1 1 0 0 1 0 0 0 1 0 0 0 0 0 0 0 0 0 0 0 0
1554 1 1 0 0 1 1 0 0 0 1 0 0 0 0 0 0 0 0 0 0 0 0
1561 1 1 0 0 1 1 0 1 0 0 0 0 0 0 0 0 0 0 0 0 0 0
1588 10 1 1 0 0 1 0 0 0 0 0 0 0 1 0 0 0 0 0 0 0 0
1593 4 3 3 0 0 3 0 0 0 0 1 2 0 0 0 0 0 0 0 0 0 0
1628 2 1 1 0 0 1 0 0 0 0 0 0 0 1 0 0 0 0 0 0 0 0
1641 3 1 1 0 0 1 0 1 0 0 0 0 0 0 0 0 0 0 0 0 0 0
1661 1 1 0 0 1 1 0 1 0 0 0 0 0 0 0 0 0 0 0 0 0 0
1664 3 2 0 0 2 2 0 2 0 0 0 0 0 0 0 0 0 0 0 0 0 0
1669 1 1 1 0 0 1 0 0 0 0 1 0 0 0 0 0 0 0 0 0 0 0
1677 1 1 0 0 1 1 1 0 0 0 0 0 0 0 0 0 0 0 0 0 0 0
1697 1 1 0 0 1 1 0 0 0 0 0 0 0 0 1 0 0 0 0 0 0 0
1727 3 1 0 1 0 1 0 0 0 0 0 0 0 1 0 0 0 0 0 0 0 0
1737 3 2 0 0 2 2 0 2 0 0 0 0 0 0 0 0 0 0 0 0 0 0
1738 2 1 0 0 1 1 1 0 0 0 0 0 0 0 0 0 0 0 0 0 0 0
1739 1 1 0 0 1 1 0 0 0 1 0 0 0 0 0 0 0 0 0 0 0 0
1742 1 1 0 0 1 1 0 1 0 0 0 0 0 0 0 0 0 0 0 0 0 0
1747 1 1 0 0 1 1 0 0 0 1 0 0 0 0 0 0 0 0 0 0 0 0
1765 1 1 1 0 0 1 0 0 0 1 0 0 0 0 0 0 0 0 0 0 0 0
1770 1 1 0 0 1 1 0 1 0 0 0 0 0 0 0 0 0 0 0 0 0 0
1771 2 1 1 0 0 1 1 0 0 0 0 0 0 0 0 0 0 0 0 0 0 0
1777 1 1 1 0 0 1 0 0 0 0 1 0 0 0 0 0 0 0 0 0 0 0
1780 2 1 1 0 0 1 0 1 0 0 0 0 0 0 0 0 0 0 0 0 0 0
1785 1 1 1 0 0 1 0 0 0 1 0 0 0 0 0 0 0 0 0 0 0 0
1794 1 1 0 0 1 1 0 0 1 0 0 0 0 0 0 0 0 0 0 0 0 0
1799 1 1 0 0 1 1 0 1 0 0 0 0 0 0 0 0 0 0 0 0 0 0
1831 1 1 0 0 1 1 0 1 0 0 0 0 0 0 0 0 0 0 0 0 0 0
1834 2 1 0 0 1 1 0 1 0 0 0 0 0 0 0 0 0 0 0 0 0 0
1838 1 1 0 0 1 1 0 0 0 1 0 0 0 0 0 0 0 0 0 0 0 0
1843 2 1 0 1 0 1 0 0 0 0 1 0 0 0 0 0 0 0 0 0 0 0
1867 1 1 0 0 1 1 0 0 1 0 0 0 0 0 0 0 0 0 0 0 0 0
1975 1 1 0 0 1 1 0 1 0 0 0 0 0 0 0 0 0 0 0 0 0 0
1995 4 2 0 1 1 2 1 0 0 1 0 0 0 0 0 0 0 0 0 0 0 0
1997 1 1 0 0 1 1 0 0 0 0 0 1 0 0 0 0 0 0 0 0 0 0
2010 1 1 0 0 1 1 1 0 0 0 0 0 0 0 0 0 0 0 0 0 0 0
2019 1 1 0 0 1 1 0 1 0 0 0 0 0 0 0 0 0 0 0 0 0 0
2046 1 1 0 0 1 1 0 1 0 0 0 0 0 0 0 0 0 0 0 0 0 0
2058 2 2 0 0 2 2 2 0 0 0 0 0 0 0 0 0 0 0 0 0 0 0
2059 1 1 0 0 1 1 0 1 0 0 0 0 0 0 0 0 0 0 0 0 0 0
2060 2 1 0 0 1 1 0 1 0 0 0 0 0 0 0 0 0 0 0 0 0 0
2067 1 1 0 0 1 1 1 0 0 0 0 0 0 0 0 0 0 0 0 0 0 0
2297 1 1 0 0 1 1 0 1 0 0 0 0 0 0 0 0 0 0 0 0 0 0
2353 1 1 0 0 1 1 0 1 0 0 0 0 0 0 0 0 0 0 0 0 0 0
2357 2 1 0 0 1 1 0 0 0 1 0 0 0 0 0 0 0 0 0 0 0 0
2361 2 1 0 1 0 1 0 1 0 0 0 0 0 0 0 0 0 0 0 0 0 0
2426 2 1 0 0 1 1 1 0 0 0 0 0 0 0 0 0 0 0 0 0 0 0
2428 1 1 0 0 1 1 0 1 0 0 0 0 0 0 0 0 0 0 0 0 0 0
2429 2 1 0 0 1 1 0 1 0 0 0 0 0 0 0 0 0 0 0 0 0 0
2435 1 1 0 0 1 1 0 0 1 0 0 0 0 0 0 0 0 0 0 0 0 0
2438 8 5 0 0 5 5 0 3 0 2 0 0 0 0 0 0 0 0 0 0 0 0
2443 8 7 0 1 6 7 0 5 0 1 0 1 0 0 0 0 0 0 0 0 0 0
2447 1 1 0 0 1 1 0 0 0 0 0 1 0 0 0 0 0 0 0 0 0 0
2451 4 3 0 1 2 3 3 0 0 0 0 0 0 0 0 0 0 0 0 0 0 0
2454 9 4 0 0 4 4 2 2 0 0 0 0 0 0 0 0 0 0 0 0 0 0
2458 5 1 0 0 1 1 0 1 0 0 0 0 0 0 0 0 0 0 0 0 0 0
2472 2 2 0 0 2 2 1 0 0 0 0 1 0 0 0 0 0 0 0 0 0 0
2474 1 1 0 0 1 1 0 0 0 1 0 0 0 0 0 0 0 0 0 0 0 0
2481 2 1 0 0 1 1 0 0 1 0 0 0 0 0 0 0 0 0 0 0 0 0
2493 2 2 0 0 2 2 0 2 0 0 0 0 0 0 0 0 0 0 0 0 0 0
2513 1 1 0 0 1 1 1 0 0 0 0 0 0 0 0 0 0 0 0 0 0 0
2522 2 1 0 0 1 1 0 1 0 0 0 0 0 0 0 0 0 0 0 0 0 0
2550 7 1 0 0 1 1 0 0 0 0 0 0 0 0 0 0 0 0 0 1 0 0
2683 2 2 1 0 1 2 0 2 0 0 0 0 0 0 0 0 0 0 0 0 0 0
2691 3 1 1 0 0 1 0 1 0 0 0 0 0 0 0 0 0 0 0 0 0 0
2693 6 2 1 0 1 2 0 1 0 0 0 0 1 0 0 0 0 0 0 0 0 0
2697 21 2 0 0 2 2 1 1 0 0 0 0 0 0 0 0 0 0 0 0 0 0
2706 3 2 1 0 1 2 2 0 0 0 0 0 0 0 0 0 0 0 0 0 0 0
2736 1 1 0 0 1 1 0 1 0 0 0 0 0 0 0 0 0 0 0 0 0 0
2853 1 1 0 0 1 1 0 0 0 0 1 0 0 0 0 0 0 0 0 0 0 0
fn=do_preload
fn=dso_name_valid_for_suid
178 1 1 0 1 0 1 1 0 0 0 0 0 0 0 0 0 0 0 0 0 0 0
fn=handle_preload_list
898 7 1 1 0 0 1 0 0 0 0 0 0 0 0 0 0 0 0 0 0 0 1
903 2 2 0 0 2 2 1 0 0 0 0 0 0 0 0 0 0 0 0 1 0 0
924 7 2 0 0 2 2 0 0 0 0 0 1 0 0 0 0 0 0 0 1 0 0
fn=init_tls
745 2 1 0 0 1 1 0 1 0 0 0 0 0 0 0 0 0 0 0 0 0 0
749 1 1 1 0 0 1 0 0 0 0 0 0 0 0 0 0 0 0 0 1 0 0
770 1 1 1 0 0 1 0 1 0 0 0 0 0 0 0 0 0 0 0 0 0 0
772 1 1 0 0 1 1 0 1 0 0 0 0 0 0 0 0 0 0 0 0 0 0
773 4 3 0 1 2 3 0 3 0 0 0 0 0 0 0 0 0 0 0 0 0 0
774 4 4 0 0 4 4 0 3 0 0 0 0 0 1 0 0 0 0 0 0 0 0
810 1 1 0 0 1 1 1 0 0 0 0 0 0 0 0 0 0 0 0 0 0 0
fn=map_doit
653 4 2 1 0 1 2 0 0 0 0 0 0 0 0 0 1 0 0 0 1 0 0
655 2 1 0 0 1 1 0 0 0 0 0 0 0 1 0 0 0 0 0 0 0 0
fn=rtld_lock_default_lock_recursive
851 6 5 1 0 4 5 4 0 1 0 0 0 0 0 0 0 0 0 0 0 0 0
fn=rtld_lock_default_unlock_recursive
857 6 1 0 0 1 1 1 0 0 0 0 0 0 0 0 0 0 0 0 0 0 0
fn=version_check_doit
fl=/usr/src/debug/glibc-2.28-251.el8_10.14.x86_64/elf/setup-vdso.h
fn=dl_main
24 1 1 0 0 1 1 0 0 0 1 0 0 0 0 0 0 0 0 0 0 0 0
fl=/usr/src/debug/glibc-2.28-251.el8_10.14.x86_64/io/../sysdeps/unix/sysv/linux/access.c
fn=access
27 1 1 0 0 1 1 1 0 0 0 0 0 0 0 0 0 0 0 0 0 0 0
fl=/usr/src/debug/glibc-2.28-251.el8_10.14.x86_64/io/../sysdeps/unix/sysv/linux/close_nocancel.c
fn=__GI___close_nocancel
fl=/usr/src/debug/glibc-2.28-251.el8_10.14.x86_64/io/../sysdeps/unix/sysv/linux/lseek64.c
fn=lseek
fl=/usr/src/debug/glibc-2.28-251.el8_10.14.x86_64/io/../sysdeps/unix/sysv/linux/open64_nocancel.c
fn=__open_nocancel
45 190 1 0 1 0 1 1 0 0 0 0 0 0 0 0 0 0 0 0 0 0 0
fl=/usr/src/debug/glibc-2.28-251.el8_10.14.x86_64/io/../sysdeps/unix/sysv/linux/read_nocancel.c
fn=__read_nocancel
fl=/usr/src/debug/glibc-2.28-251.el8_10.14.x86_64/io/../sysdeps/unix/sysv/linux/wordsize-64/fxstat.c
fn=_fxstat
fl=/usr/src/debug/glibc-2.28-251.el8_10.14.x86_64/io/../sysdeps/unix/sysv/linux/wordsize-64/xstat.c
fn=_xstat
fl=/usr/src/debug/glibc-2.28-251.el8_10.14.x86_64/malloc/scratch_buffer_set_array_size.c
fn=__libc_scratch_buffer_set_array_size
fl=/usr/src/debug/glibc-2.28-251.el8_10.14.x86_64/misc/../sysdeps/unix/syscall-template.S
fn=mprotect
fn=munmap
fl=/usr/src/debug/glibc-2.28-251.el8_10.14.x86_64/misc/../sysdeps/unix/sysv/linux/mmap64.c
fn=mmap
47 1 1 0 0 1 1 1 0 0 0 0 0 0 0 0 0 0 0 0 0 0 0
fl=/usr/src/debug/glibc-2.28-251.el8_10.14.x86_64/posix/../sysdeps/unix/syscall-template.S
fn=uname
fl=/usr/src/debug/glibc-2.28-251.el8_10.14.x86_64/setjmp/../sysdeps/x86_64/setjmp.S
fn=__sigsetjmp
42 3 2 0 0 2 2 0 2 0 0 0 0 0 0 0 0 0 0 0 0 0 0
47 3 1 1 0 0 1 0 0 0 0 0 0 0 0 0 0 0 1 0 0 0 0
55 3 2 1 0 1 2 0 0 0 0 0 2 0 0 0 0 0 0 0 0 0 0
73 3 1 1 0 0 1 0 1 0 0 0 0 0 0 0 0 0 0 0 0 0 0
fl=/usr/src/debug/glibc-2.28-251.el8_10.14.x86_64/string/../include/rtld-malloc.h
fn=strdup
56 40 2 0 1 1 2 0 0 0 0 0 0 0 2 0 0 0 0 0 0 0 0
fl=/usr/src/debug/glibc-2.28-251.el8_10.14.x86_64/string/../string/strcspn.c
fn=strcspn
33 2 1 1 0 0 1 1 0 0 0 0 0 0 0 0 0 0 0 0 0 0 0
39 4 1 1 0 0 1 0 0 0 0 0 0 0 0 0 0 0 0 0 0 0 1
40 4 1 1 0 0 1 0 0 0 0 0 0 0 0 0 0 0 0 0 0 0 1
41 4 1 1 0 0 1 0 0 0 0 0 0 0 0 0 0 0 0 0 0 0 1
42 4 1 1 0 0 1 0 0 0 0 0 0 0 0 0 0 0 0 0 0 0 1
62 36 1 1 0 0 1 0 0 0 0 1 0 0 0 0 0 0 0 0 0 0 0
fl=/usr/src/debug/glibc-2.28-251.el8_10.14.x86_64/string/../sysdeps/x86_64/memcmp.S
fn=bcmp
280 2 1 0 1 0 1 0 0 0 0 0 0 0 1 0 0 0 0 0 0 0 0
fl=/usr/src/debug/glibc-2.28-251.el8_10.14.x86_64/string/../sysdeps/x86_64/multiarch/../strchr.S
fn=index
32 32 2 2 0 0 3 0 1 0 1 1 0 0 0 0 0 0 0 0 0 0 0
67 20 2 1 1 0 2 0 0 0 1 0 0 0 0 0 0 0 0 0 0 0 1
fl=/usr/src/debug/glibc-2.28-251.el8_10.14.x86_64/string/../sysdeps/x86_64/multiarch/memmove-vec-unaligned-erms.S
fn=memcpy
205 72 5 0 0 5 5 0 0 0 1 0 0 0 0 0 0 2 0 0 0 1 1
207 72 5 4 0 1 5 0 0 0 1 1 1 0 0 0 0 0 0 0 0 2 0
208 72 2 2 0 0 2 0 0 0 0 0 0 0 0 0 0 0 0 0 0 0 2
365 1 1 1 0 0 1 1 0 0 0 0 0 0 0 0 0 0 0 0 0 0 0
366 1 1 1 0 0 1 0 1 0 0 0 0 0 0 0 0 0 0 0 0 0 0
389 272 16 1 15 0 16 0 1 15 0 0 0 0 0 0 0 0 0 0 0 0 0
391 272 3 2 1 0 3 0 0 0 0 0 0 0 0 1 1 0 1 0 0 0 0
396 41 1 0 0 1 1 0 0 1 0 0 0 0 0 0 0 0 0 0 0 0 0
403 2 1 1 0 0 1 1 0 0 0 0 0 0 0 0 0 0 0 0 0 0 0
422 37 8 0 2 6 8 0 0 0 0 0 0 0 1 0 0 0 1 0 0 0 6
423 37 5 0 0 5 5 0 0 0 0 0 0 0 0 0 0 0 0 4 0 0 1
424 37 3 0 1 2 3 0 0 0 0 0 0 0 0 1 0 0 0 0 0 1 1
425 37 2 0 0 2 2 0 0 0 0 0 1 0 0 0 0 1 0 0 0 0 0
426 37 4 0 0 4 4 2 0 0 0 1 1 0 0 0 0 0 0 0 0 0 0
430 37 15 14 0 1 15 0 0 0 0 0 0 0 1 0 0 0 1 1 0 0 12
431 37 6 6 0 0 6 0 0 0 0 0 0 0 0 0 0 0 0 3 1 0 2
432 37 9 9 0 0 9 0 0 0 0 0 0 0 0 0 0 1 0 1 0 0 7
433 37 9 9 0 0 9 0 0 0 0 0 0 1 0 0 0 0 0 0 1 2 5
434 37 7 7 0 0 7 0 0 0 0 1 0 0 0 0 0 0 0 2 1 0 3
441 15 5 0 0 5 5 0 0 0 0 0 0 0 0 0 0 0 0 0 0 0 5
443 15 4 0 0 4 4 1 0 0 2 0 1 0 0 0 0 0 0 0 0 0 0
445 15 8 8 0 0 8 0 0 0 0 0 0 0 0 0 0 0 0 0 0 0 8
446 15 1 1 0 0 1 0 0 0 0 0 0 0 0 0 0 0 0 0 0 0 1
447 15 5 5 0 0 5 0 0 0 0 0 0 0 0 0 0 0 0 2 1 0 2
497 18 12 9 3 0 12 0 0 0 0 0 0 0 0 0 0 0 0 0 0 0 12
fn=mempcpy
fl=/usr/src/debug/glibc-2.28-251.el8_10.14.x86_64/string/../sysdeps/x86_64/multiarch/memset-vec-unaligned-erms.S
fn=memset
338 2 2 2 0 0 2 0 0 0 0 0 1 0 0 0 0 0 0 0 0 0 1
339 2 1 1 0 0 1 0 0 0 0 0 0 0 0 0 0 0 0 0 0 0 1
395 32 32 32 0 0 32 0 0 0 0 0 0 0 0 0 0 0 0 0 0 0 32
492 1 1 1 0 0 1 0 1 0 0 0 0 0 0 0 0 0 0 0 0 0 0
fl=/usr/src/debug/glibc-2.28-251.el8_10.14.x86_64/string/../sysdeps/x86_64/multiarch/strlen-vec.S
fn=strlen
126 50 3 2 0 1 5 0 2 2 0 1 0 0 0 0 0 0 0 0 0 0 0
139 43 1 1 0 0 1 0 0 0 0 0 0 0 0 0 0 0 0 0 0 0 1
140 43 2 1 1 0 2 0 0 0 1 0 0 0 0 0 0 0 0 0 0 0 1
227 37 9 9 0 0 9 0 0 0 0 0 0 0 0 0 0 0 0 0 0 0 9
238 13 9 8 0 1 9 0 0 0 0 0 0 0 0 0 0 0 0 0 0 0 9
fl=/usr/src/debug/glibc-2.28-251.el8_10.14.x86_64/string/../sysdeps/x86_64/strcmp.S
fn=strcmp
171 130 103 9 59 35 103 0 0 0 5 92 0 2 2 0 2 0 0 0 0 0 0
172 130 23 0 12 11 23 0 0 0 5 12 3 1 0 2 0 0 0 0 0 0 0
228 49 35 2 5 28 35 33 2 0 0 0 0 0 0 0 0 0 0 0 0 0 0
240 3 3 1 2 0 3 0 0 0 3 0 0 0 0 0 0 0 0 0 0 0 0
244 3 2 2 0 0 2 0 0 0 2 0 0 0 0 0 0 0 0 0 0 0 0
346 1 1 1 0 0 1 0 0 0 1 0 0 0 0 0 0 0 0 0 0 0 0
566 4 3 0 3 0 3 0 0 0 3 0 0 0 0 0 0 0 0 0 0 0 0
567 4 4 0 3 1 4 0 0 0 0 0 0 0 4 0 0 0 0 0 0 0 0
691 2 1 0 1 0 1 0 0 0 0 0 0 0 1 0 0 0 0 0 0 0 0
692 2 1 1 0 0 1 0 0 0 1 0 0 0 0 0 0 0 0 0 0 0 0
725 1 1 0 0 1 1 0 0 0 1 0 0 0 0 0 0 0 0 0 0 0 0
941 2 1 0 0 1 1 0 0 0 0 0 0 0 1 0 0 0 0 0 0 0 0
942 2 1 1 0 0 1 0 0 0 1 0 0 0 0 0 0 0 0 0 0 0 0
975 2 2 0 1 1 2 0 0 0 2 0 0 0 0 0 0 0 0 0 0 0 0
1066 1 1 0 0 1 1 0 0 0 0 0 0 0 1 0 0 0 0 0 0 0 0
1067 1 1 0 1 0 1 0 0 0 1 0 0 0 0 0 0 0 0 0 0 0 0
1100 1 1 0 1 0 1 0 0 0 0 0 0 0 0 0 0 0 1 0 0 0 0
1191 4 2 1 1 0 2 0 0 0 0 0 0 0 2 0 0 0 0 0 0 0 0
1192 4 3 1 0 2 3 0 0 0 3 0 0 0 0 0 0 0 0 0 0 0 0
1225 1 1 1 0 0 1 0 0 0 1 0 0 0 0 0 0 0 0 0 0 0 0
1316 4 3 1 0 2 3 0 0 0 2 0 0 0 1 0 0 0 0 0 0 0 0
1317 4 1 0 1 0 1 0 0 0 0 0 0 0 0 0 0 0 1 0 0 0 0
1351 3 2 1 0 1 2 0 0 0 0 0 0 0 1 0 0 0 0 0 0 0 1
1382 3 1 1 0 0 1 0 0 0 1 0 0 0 0 0 0 0 0 0 0 0 0
1441 14 10 1 2 7 10 0 0 0 4 0 3 0 2 0 0 0 1 0 0 0 0
1442 14 4 1 1 2 4 0 0 0 3 0 0 0 1 0 0 0 0 0 0 0 0
1475 3 1 1 0 0 1 0 0 0 1 0 0 0 0 0 0 0 0 0 0 0 0
1476 3 1 1 0 0 1 0 0 0 1 0 0 0 0 0 0 0 0 0 0 0 0
1691 3 1 1 0 0 1 0 0 0 1 0 0 0 0 0 0 0 0 0 0 0 0
1692 3 2 1 1 0 2 0 0 0 0 0 0 0 2 0 0 0 0 0 0 0 0
1726 2 1 1 0 0 1 0 0 0 1 0 0 0 0 0 0 0 0 0 0 0 0
1816 3 1 0 1 0 1 0 0 0 0 0 0 0 1 0 0 0 0 0 0 0 0
1817 3 2 1 0 1 2 0 0 0 1 0 0 0 0 0 0 0 1 0 0 0 0
1850 2 2 2 0 0 2 0 0 0 2 0 0 0 0 0 0 0 0 0 0 0 0
1941 10 6 1 1 4 6 0 0 0 2 1 0 1 2 0 0 0 0 0 0 0 0
1942 10 6 1 1 4 6 0 0 0 6 0 0 0 0 0 0 0 0 0 0 0 0
1975 2 1 0 1 0 1 0 0 0 1 0 0 0 0 0 0 0 0 0 0 0 0
2221 175 1 0 1 0 1 0 0 0 0 0 0 0 1 0 0 0 0 0 0 0 0
fl=/usr/src/debug/glibc-2.28-251.el8_10.14.x86_64/string/strdup.c
fn=strdup
fl=???
fn=(below main)
0 37 4 0 1 3 4 0 3 0 0 0 0 0 1 0 0 0 0 0 0 0 0
fn=???
0 166 47 1 9 37 46 1 33 1 10 0 0 0 0 0 0 0 1 0 0 0 0
fn=_Exit
fn=_IO_cleanup
0 72 5 0 4 1 2 0 0 0 1 0 1 0 0 0 0 0 0 0 0 0 0
fn=_IO_default_finish
fn=_IO_default_setbuf
fn=_IO_default_xsputn
0 50 1 0 0 1 1 0 0 0 0 0 0 0 1 0 0 0 0 0 0 0 0
fn=_IO_do_write@@GLIBC_2.2.5
fn=_IO_doallocbuf
0 24 3 0 1 2 3 0 1 0 2 0 0 0 0 0 0 0 0 0 0 0 0
fn=_IO_file_close
fn=_IO_file_close_it@@GLIBC_2.2.5
fn=_IO_file_doallocate
0 38 8 0 2 6 8 0 1 0 0 2 3 0 0 0 0 0 0 0 0 0 2
fn=_IO_file_finish@@GLIBC_2.2.5
fn=_IO_file_fopen@@GLIBC_2.2.5
0 22 1 0 0 1 1 0 0 0 0 0 1 0 0 0 0 0 0 0 0 0 0
fn=_IO_file_open
fn=_IO_file_overflow@@GLIBC_2.2.5
0 58 4 0 0 4 4 0 0 1 0 0 0 0 0 0 0 0 0 0 1 0 2
fn=_IO_file_setbuf@@GLIBC_2.2.5
fn=_IO_file_stat
fn=_IO_file_sync@@GLIBC_2.2.5
fn=_IO_file_write@@GLIBC_2.2.5
0 26 1 0 0 1 1 0 0 0 0 0 0 1 0 0 0 0 0 0 0 0 0
fn=_IO_file_xsputn@@GLIBC_2.2.5
0 582 10 1 2 7 10 1 2 0 1 0 0 0 1 0 0 0 2 0 2 0 1
fn=_IO_flush_all_lockp
0 57 13 3 1 9 33 0 0 0 1 32 0 0 0 0 0 0 0 0 0 0 0
fn=_IO_link_in
0 56 3 0 1 2 3 0 1 0 2 0 0 0 0 0 0 0 0 0 0 0 0
fn=_IO_new_file_init_internal
fn=_IO_no_init
0 25 2 2 0 0 2 0 0 0 0 0 0 1 0 0 0 0 0 0 1 0 0
fn=_IO_old_init
0 21 3 3 0 0 3 0 0 1 0 0 0 0 0 0 0 0 0 0 1 0 1
fn=_IO_setb
0 32 3 0 1 2 3 0 0 0 0 0 0 1 0 0 1 0 0 0 0 0 1
fn=_IO_un_link
fn=_IO_unsave_markers
fn=__GI__IO_un_link.part.1
0 46 7 0 1 6 7 0 3 0 2 0 1 0 0 1 0 0 0 0 0 0 0
fn=__GI_strstr
0 19 1 1 0 0 1 1 0 0 0 0 0 0 0 0 0 0 0 0 0 0 0
fn=__call_tls_dtors
0 7 2 0 0 2 1 0 1 0 0 0 0 0 0 0 0 0 0 0 0 0 0
fn=__close_nocancel
fn=__ctype_init
0 13 10 0 2 8 10 0 8 0 2 0 0 0 0 0 0 0 0 0 0 0 0
fn=__cxa_atexit
fn=__cxa_finalize
0 24 4 1 3 0 3 0 1 0 2 0 0 0 0 0 0 0 0 0 0 0 0
fn=__default_morecore
fn=__fopen_internal
0 18 1 1 0 0 1 0 0 0 0 0 0 0 0 0 0 0 0 1 0 0 0
fn=__gettimeofday_syscall
fn=__init_misc
0 12 3 0 2 1 3 0 0 0 2 0 0 0 0 0 0 0 0 0 0 0 1
fn=__internal_atexit
0 19 5 2 2 1 5 2 1 1 1 0 0 0 0 0 0 0 0 0 0 0 0
fn=__libc_alloca_cutoff
0 2 1 0 0 1 1 0 1 0 0 0 0 0 0 0 0 0 0 0 0 0 0
fn=__libc_csu_init
0 16 1 0 0 1 1 0 1 0 0 0 0 0 0 0 0 0 0 0 0 0 0
fn=__libc_early_init
fn=__memcpy_avx_unaligned_erms
0 106 3 2 0 1 3 0 1 0 0 1 0 0 0 0 0 0 0 0 1 0 0
fn=__mempcpy_avx_unaligned_erms
fn=__mpn_extract_double
0 5 1 0 0 1 1 0 0 0 0 0 0 0 0 0 0 0 0 0 1 0 0
fn=__mpn_lshift
fn=__mpn_mul
0 23 3 1 0 2 3 0 1 0 1 0 0 0 0 0 0 0 0 0 0 0 1
fn=__mpn_mul_1
fn=__mpn_rshift
fn=__new_exitfn
0 13 2 0 0 2 2 0 1 0 0 0 0 0 0 1 0 0 0 0 0 0 0
fn=__printf_fp
0 2 1 0 0 1 1 0 1 0 0 0 0 0 0 0 0 0 0 0 0 0 0
fn=__printf_fp_l
0 266 20 8 2 10 20 1 6 5 1 1 0 1 1 0 1 1 0 1 0 0 1
fn=__run_exit_handlers
0 40 7 0 1 6 5 1 3 1 0 0 0 0 0 0 0 0 0 0 0 0 0
fn=__sigjmp_save
fn=__sigsetjmp
0 13 1 0 0 1 1 1 0 0 0 0 0 0 0 0 0 0 0 0 0 0 0
fn=__strchr_avx2
0 6 1 0 0 1 1 0 0 1 0 0 0 0 0 0 0 0 0 0 0 0 0
fn=__strchrnul_avx2
0 40 3 2 0 1 4 0 2 0 0 0 0 1 1 0 0 0 0 0 0 0 0
fn=__strlen_avx2
0 12 1 1 0 0 1 0 0 0 0 0 0 0 1 0 0 0 0 0 0 0 0
fn=__strrchr_avx2
0 2 1 0 0 1 2 0 1 0 0 0 0 1 0 0 0 0 0 0 0 0 0
fn=__unregister_atfork
fn=__x86_cacheinfo
0 43 7 3 0 4 7 1 2 0 1 0 0 0 0 0 3 0 0 0 0 0 0
fn=_dl_addr
0 14534 1139 917 31 191 1139 12 16 6 3 11 8 74 86 227 121 226 75 58 12 2 202
fn=_dl_vdso_vsym
0 35 5 0 0 5 5 0 4 0 1 0 0 0 0 0 0 0 0 0 0 0 0
fn=_fxstat
fn=_getopt_internal
0 46 11 1 0 10 11 0 7 1 1 0 0 0 0 1 0 0 0 0 0 0 1
fn=_getopt_internal_r
0 103 7 2 0 5 7 2 1 0 1 0 0 0 0 0 1 1 0 0 0 0 1
fn=_init
0 33 10 3 0 7 10 2 5 0 1 0 1 1 0 0 0 0 0 0 0 0 0
fn=_int_free
0 71 9 0 0 9 9 1 7 1 0 0 0 0 0 0 0 0 0 0 0 0 0
fn=_int_malloc
0 487 40 3 7 30 40 3 15 5 9 0 2 0 0 0 1 0 1 0 1 0 3
fn=_int_memalign
fn=_itoa_word
0 135 6 1 3 2 6 0 0 1 4 0 0 0 0 0 0 0 0 0 0 0 1
fn=_mid_memalign
0 62 3 0 0 3 3 1 2 0 0 0 0 0 0 0 0 0 0 0 0 0 0
fn=_setjmp
fn=bcmp
fn=brk
fn=check_stdfiles_vtables
0 7 3 0 0 3 3 0 3 0 0 0 0 0 0 0 0 0 0 0 0 0 0
fn=exit
fn=fclose@@GLIBC_2.2.5
0 35 2 0 0 2 2 0 1 0 0 0 1 0 0 0 0 0 0 0 0 0 0
fn=fopen@@GLIBC_2.2.5
fn=fprintf
fn=free
0 69 15 0 0 15 15 0 6 0 9 0 0 0 0 0 0 0 0 0 0 0 0
fn=get_common_cache_info
0 53 2 0 1 1 2 0 1 0 1 0 0 0 0 0 0 0 0 0 0 0 0
fn=getenv
0 418 161 1 0 160 163 65 39 21 5 4 1 0 0 1 1 0 0 0 0 0 26
fn=getopt
fn=getrandom
0 2 1 0 1 0 1 1 0 0 0 0 0 0 0 0 0 0 0 0 0 0 0
fn=gettimeofday
0 16 1 0 0 1 1 0 1 0 0 0 0 0 0 0 0 0 0 0 0 0 0
fn=hack_digit
fn=handle_intel.constprop.1
0 81 6 0 5 1 6 0 3 0 2 0 0 0 0 0 0 0 0 0 1 0 0
fn=index
fn=intel_check_word.isra.0
0 135 8 6 2 0 8 6 0 0 1 0 1 0 0 0 0 0 0 0 0 0 0
fn=malloc
0 58 22 0 3 19 22 1 13 1 3 0 2 0 0 0 0 0 1 0 0 0 1
fn=malloc_hook_ini
0 6 1 1 0 0 1 1 0 0 0 0 0 0 0 0 0 0 0 0 0 0 0
fn=malloc_init_state
0 258 35 34 0 1 35 0 0 2 0 0 0 0 2 0 0 0 0 0 0 0 31
fn=memalign
fn=memalign_hook_ini
0 4 1 0 0 1 1 0 0 1 0 0 0 0 0 0 0 0 0 0 0 0 0
fn=memchr
fn=memcpy@@GLIBC_2.14
fn=memmove
fn=mempcpy
fn=memrchr
fn=memset
fn=mmap
0 65 4 0 4 0 4 0 0 0 0 0 3 0 0 0 0 0 0 0 1 0 0
fn=munmap
fn=munmap_chunk
0 50 1 0 0 1 1 0 1 0 0 0 0 0 0 0 0 0 0 0 0 0 0
fn=new_do_write
0 60 2 0 0 2 1 0 0 0 1 0 0 0 0 0 0 0 0 0 0 0 0
fn=open
fn=printf
0 42 10 0 1 9 10 0 6 0 0 0 0 0 1 0 0 0 0 0 1 0 2
fn=ptmalloc_init.part.0
0 33 10 1 0 9 10 0 5 0 2 1 0 0 1 0 0 0 0 0 0 0 1
fn=rawmemchr
fn=rindex
fn=sbrk
0 24 3 0 0 3 3 1 1 0 0 0 1 0 0 0 0 0 0 0 0 0 0
fn=stpcpy
fn=stpncpy
fn=strcasecmp
fn=strcasecmp_l
fn=strcat
fn=strchrnul
fn=strcmp
fn=strcpy
fn=strcspn
fn=strlen
fn=strncasecmp
fn=strncasecmp_l
fn=strncmp
fn=strncpy
fn=strnlen
fn=strpbrk
fn=strspn
fn=sysmalloc
0 203 20 10 4 6 20 0 4 1 0 0 1 0 11 0 0 1 1 0 1 0 0
fn=tcache_init.part.7
0 93 10 9 0 1 10 1 0 0 0 0 0 0 0 0 0 0 0 0 0 0 9
fn=time
0 8 1 1 0 0 1 0 1 0 0 0 0 0 0 0 0 0 0 0 0 0 0
fn=vfprintf
0 1191 81 5 30 46 81 17 37 5 8 0 3 0 1 1 2 1 0 1 0 0 5
fn=wcschr
fn=wcscmp
fn=wcslen
fn=wcsnlen
fn=wmemchr
fn=wmemset
fn=write
0 4 1 0 1 0 1 0 1 0 0 0 0 0 0 0 0 0 0 0 0 0 0
summary: 4802404 2368159 658322 1182773 527064 2368178 1322 1779 604 1573887 438 348 241 393 271 373 347 178 429 318 20 787230
