desc: I1 cache:         32768 B, 64 B, 8-way associative
desc: D1 cache:         4096 B, 64 B, 2-way associative
desc: LL cache:         33554432 B, 64 B, 16-way associative
cmd: ./Simple/bin/conflict -v varinfo.txt
events: Ir I1mr ILmr Dr D1mr DLmr Dw D1mw DLmw 
fl=/scratch/user/uqcjin/App/example/Simple/src/../../Util/util.c
fn=CalElapsedTime
52 4 1 1 2 1 1 0 0 0
54 2 0 0 2 0 0 0 0 0
55 2 0 0 0 0 0 0 0 0
57 1 0 0 0 0 0 0 0 0
58 1 0 0 0 0 0 0 0 0
61 2 0 0 0 0 0 0 0 0
62 3 0 0 1 1 1 0 0 0
65 1 0 0 1 0 0 0 0 0
fl=/scratch/user/uqcjin/App/example/Simple/src/conflict.c
fn=initialization
38 1 0 0 0 0 0 0 0 0
40 524296 0 0 0 0 0 0 0 0
42 4456461 2 2 3 2 0 524288 131072 131072
45 524290 1 1 0 0 0 0 0 0
47 4456458 3 3 1 1 0 524288 131072 131072
50 524292 0 0 0 0 0 0 0 0
52 4456457 4 4 1 1 0 524288 131072 131072
55 524290 0 0 0 0 0 0 0 0
57 4456457 3 3 1 1 0 524288 131072 131072
59 1 0 0 1 1 1 0 0 0
fn=main
65 14340 2 2 4 3 1 0 0 0
67 1050624 0 0 0 0 0 0 0 0
69 7864327 2 2 2 0 0 1048576 262144 132048
83 1572869 0 0 0 0 0 0 0 0
85 2364431 3 3 1048579 1048577 131454 524288 524288 131072
95 9 1 1 0 0 0 6 0 0
96 791553 0 0 0 0 0 0 0 0
101 1 0 0 0 0 0 0 0 0
103 12 0 0 0 0 0 2 1 0
105 4 0 0 0 0 0 0 0 0
111 1 1 1 1 0 0 0 0 0
112 1 0 0 0 0 0 0 0 0
120 2 0 0 0 0 0 0 0 0
121 1 0 0 0 0 0 0 0 0
125 3 1 1 0 0 0 1 0 0
127 7 0 0 0 0 0 3 2 1
128 5 1 1 0 0 0 3 1 0
129 5 0 0 0 0 0 2 1 0
130 5 0 0 0 0 0 2 1 0
132 5 0 0 0 0 0 2 1 0
134 16 1 1 2 0 0 0 0 0
140 2 1 1 0 0 0 0 0 0
144 4 0 0 0 0 0 1 0 0
145 2 0 0 0 0 0 0 0 0
147 7 0 0 1 1 0 1 0 0
148 7 1 1 1 1 0 1 0 0
149 7 0 0 1 1 0 1 0 0
150 7 1 1 1 1 0 1 0 0
151 2 0 0 0 0 0 1 0 0
156 2 0 0 0 0 0 1 0 0
161 3 0 0 0 0 0 1 1 0
163 3 0 0 0 0 0 1 1 0
166 3 0 0 0 0 0 1 0 0
167 3 1 1 0 0 0 1 0 0
173 3 1 1 1 1 0 0 0 0
175 1 0 0 0 0 0 1 1 0
176 2 0 0 0 0 0 1 0 0
179 3 0 0 1 0 0 0 0 0
181 1 1 1 0 0 0 1 0 0
182 2 0 0 0 0 0 1 0 0
185 3 0 0 1 0 0 0 0 0
187 1 0 0 0 0 0 1 0 0
188 2 0 0 0 0 0 1 0 0
191 3 0 0 1 0 0 0 0 0
193 1 0 0 0 0 0 1 0 0
194 2 1 1 0 0 0 1 0 0
197 3 0 0 1 0 0 0 0 0
199 1 0 0 0 0 0 1 0 0
200 2 0 0 0 0 0 1 0 0
204 9 0 0 7 2 1 0 0 0
fl=/usr/src/debug/glibc-2.28-251.el8_10.14.x86_64/elf/../elf/dl-sysdep.c
fn=_dl_sysdep_start
88 9 1 1 0 0 0 6 0 0
89 2 0 0 0 0 0 0 0 0
90 2 0 0 1 0 0 0 0 0
112 1 0 0 0 0 0 1 0 0
113 609 1 1 201 27 26 4 3 2
116 2 0 0 0 0 0 1 1 1
117 1 0 0 0 0 0 1 1 1
119 138 6 6 37 3 3 19 1 0
120 112 0 0 17 3 3 0 0 0
123 1 1 1 1 0 0 0 0 0
124 1 0 0 0 0 0 0 0 0
126 1 0 0 1 0 0 0 0 0
127 1 0 0 0 0 0 0 0 0
129 1 0 0 1 0 0 0 0 0
130 2 0 0 0 0 0 0 0 0
132 1 0 0 1 1 1 0 0 0
133 2 0 0 0 0 0 0 0 0
153 1 1 1 1 0 0 0 0 0
154 2 0 0 0 0 0 0 0 0
156 1 0 0 1 0 0 0 0 0
157 2 0 0 0 0 0 0 0 0
159 2 1 1 1 1 1 1 0 0
160 2 1 1 0 0 0 1 0 0
165 2 0 0 1 0 0 1 0 0
166 2 0 0 0 0 0 1 0 0
181 2 0 0 1 0 0 1 0 0
182 2 0 0 0 0 0 1 0 0
224 1 0 0 0 0 0 1 1 1
227 1 0 0 0 0 0 1 0 0
238 3 1 1 1 0 0 0 0 0
239 2 0 0 0 0 0 2 0 0
241 5 0 0 0 0 0 1 0 0
253 3 0 0 1 0 0 0 0 0
256 5 1 1 1 0 0 1 0 0
258 9 1 0 8 2 0 0 0 0
fn=_dl_sysdep_start_cleanup
262 1 1 1 0 0 0 0 0 0
263 1 0 0 1 0 0 0 0 0
fl=/usr/src/debug/glibc-2.28-251.el8_10.14.x86_64/elf/../elf/dl-tls.c
fn=_dl_add_to_slotinfo
1129 8 1 1 0 0 0 4 0 0
1130 4 0 0 2 0 0 0 0 0
1138 1 0 0 1 0 0 0 0 0
1141 1 0 0 1 1 0 0 0 0
1142 1 0 0 0 0 0 0 0 0
1146 3 0 0 1 1 0 0 0 0
1182 2 1 1 0 0 0 0 0 0
1185 3 0 0 0 0 0 1 0 0
1186 3 0 0 1 0 0 1 0 0
1188 1 1 1 1 0 0 0 0 0
1191 2 0 0 0 0 0 0 0 0
1192 6 0 0 5 0 0 0 0 0
fn=_dl_allocate_tls_init
564 10 1 1 0 0 0 8 0 0
565 2 0 0 0 0 0 0 0 0
569 3 0 0 1 1 0 1 0 0
571 2 0 0 0 0 0 0 0 0
572 1 0 0 0 0 0 0 0 0
575 2 0 0 1 0 0 1 0 0
578 3 1 1 2 1 0 0 0 0
590 1 0 0 1 0 0 0 0 0
595 11 0 0 3 1 0 0 0 0
601 4 0 0 0 0 0 0 0 0
604 3 1 1 1 0 0 0 0 0
605 2 0 0 0 0 0 0 0 0
611 3 0 0 2 0 0 0 0 0
612 2 0 0 0 0 0 0 0 0
614 5 0 0 2 1 0 1 0 0
615 1 0 0 0 0 0 1 0 0
617 2 0 0 0 0 0 0 0 0
618 2 1 1 1 0 0 0 0 0
621 2 0 0 0 0 0 0 0 0
622 4 1 1 2 0 0 0 0 0
624 2 0 0 0 0 0 0 0 0
625 2 0 0 1 0 0 0 0 0
634 1 0 0 0 0 0 1 0 0
644 2 0 0 1 0 0 0 0 0
646 10 1 1 2 1 0 3 0 0
649 2 0 0 1 0 0 0 0 0
650 1 0 0 1 0 0 0 0 0
660 2 1 1 1 0 0 1 0 0
663 2 1 1 1 0 0 1 0 0
666 9 0 0 8 0 0 0 0 0
fn=_dl_allocate_tls_storage
84 1 0 0 2 1 0 0 0 0
90 1 0 0 2 0 0 0 0 0
443 5 1 1 0 0 0 3 0 0
445 1 1 1 1 0 0 0 0 0
456 1 0 0 1 0 0 0 0 0
460 1 0 0 0 0 0 0 0 0
461 3 0 0 0 0 0 0 0 0
472 4 0 0 0 0 0 0 0 0
473 1 0 0 0 0 0 0 0 0
477 297 1 1 0 0 0 289 36 36
496 1 0 0 0 0 0 1 1 1
498 2 0 0 0 0 0 1 1 0
499 2 1 1 0 0 0 0 0 0
504 5 0 0 4 1 0 0 0 0
fn=_dl_assign_tls_modid
152 2 1 1 0 0 0 0 0 0
155 3 0 0 2 0 0 0 0 0
208 1 0 0 0 0 0 0 0 0
210 1 0 0 0 0 0 1 0 0
213 1 0 0 0 0 0 1 0 0
214 2 0 0 1 0 0 0 0 0
fn=_dl_count_modids
219 1 1 1 0 0 0 0 0 0
221 2 0 0 1 1 0 0 0 0
222 2 1 1 2 0 0 0 0 0
fn=_dl_determine_tlsoffset
243 6 1 1 0 0 0 4 0 0
244 2 0 0 0 0 0 0 0 0
245 1 0 0 0 0 0 0 0 0
246 1 0 0 0 0 0 0 0 0
249 3 0 0 1 0 0 0 0 0
252 2 1 1 1 0 0 0 0 0
286 1 0 0 0 0 0 0 0 0
288 10 0 0 2 0 0 0 0 0
290 2 0 0 1 0 0 0 0 0
292 3 0 0 1 0 0 0 0 0
293 2 1 1 1 0 0 0 0 0
295 2 0 0 0 0 0 0 0 0
297 5 0 0 1 0 0 0 0 0
313 8 0 0 0 0 0 0 0 0
315 2 0 0 0 0 0 0 0 0
316 2 1 1 0 0 0 0 0 0
325 1 0 0 0 0 0 1 0 0
328 1 1 1 0 0 0 1 0 0
329 6 1 1 1 0 0 0 0 0
331 2 0 0 0 0 0 1 0 0
381 1 0 0 0 0 0 1 0 0
382 6 0 0 5 0 0 0 0 0
fn=_dl_tls_initial_modid_limit_setup
1091 1 1 1 0 0 0 0 0 0
1092 1 0 0 1 1 0 0 0 0
1094 7 1 1 1 0 0 0 0 0
1096 4 0 0 2 0 0 0 0 0
1097 4 0 0 0 0 0 0 0 0
1100 2 0 0 1 1 0 0 0 0
1103 1 0 0 0 0 0 1 1 0
1104 1 0 0 1 0 0 0 0 0
fn=_dl_tls_static_surplus_init
104 3 0 0 0 0 0 0 0 0
118 6 1 1 0 0 0 3 0 0
122 6 0 0 1 0 0 1 0 0
123 7 1 1 1 0 0 1 0 0
129 1 0 0 0 0 0 0 0 0
131 3 0 0 0 0 0 0 0 0
134 1 0 0 0 0 0 0 0 0
136 1 0 0 0 0 0 1 0 0
138 3 0 0 0 0 0 1 1 0
139 5 0 0 4 0 0 0 0 0
fn=allocate_dtv
387 4 1 1 0 0 0 2 0 0
392 1 0 0 1 1 0 0 0 0
396 1 0 0 0 0 0 0 0 0
397 1 0 0 0 0 0 0 0 0
398 2 0 0 0 0 0 0 0 0
401 1 0 0 0 0 0 1 1 1
407 3 1 1 0 0 0 1 1 0
413 4 0 0 3 0 0 0 0 0
fl=/usr/src/debug/glibc-2.28-251.el8_10.14.x86_64/elf/../include/rtld-malloc.h
fn=_dl_allocate_tls_storage
56 1 0 0 1 0 0 1 0 0
fn=_dl_check_map_versions
44 6 0 0 3 3 0 3 1 0
fn=_dl_important_hwcaps
56 4 0 0 2 1 0 3 0 0
fn=_dl_init_paths
56 4 1 1 3 0 0 3 0 0
fn=_dl_map_object_deps
56 6 0 0 3 3 0 3 0 0
fn=_dl_new_object
44 12 1 1 3 0 0 6 0 0
56 6 1 1 2 0 0 2 0 0
fn=allocate_dtv
44 2 0 0 1 0 0 1 0 0
fn=fillin_rpath
50 57 0 0 19 3 0 19 3 0
56 38 0 0 19 19 0 19 0 0
fn=init_tls
44 2 0 0 1 0 0 1 0 0
fn=open_verify.constprop.9
50 6 1 1 2 0 0 2 0 0
fn=rtld_calloc
56 8 0 0 8 0 0 0 0 0
fl=/usr/src/debug/glibc-2.28-251.el8_10.14.x86_64/elf/../include/scratch_buffer.h
fn=_dl_map_object_deps
77 4 0 0 0 0 0 2 0 0
78 1 0 0 0 0 0 1 1 0
85 5 2 2 2 0 0 0 0 0
131 6 0 0 2 1 0 2 0 0
fl=/usr/src/debug/glibc-2.28-251.el8_10.14.x86_64/elf/../misc/sbrk.c
fn=sbrk
32 5 1 1 0 0 0 2 0 0
40 6 0 0 2 1 1 0 0 0
44 2 0 0 0 0 0 0 0 0
60 5 1 1 3 0 0 0 0 0
fl=/usr/src/debug/glibc-2.28-251.el8_10.14.x86_64/elf/../sysdeps/generic/dl-cache.h
fn=_dl_load_cache_lookup
185 5 1 1 0 0 0 0 0 0
fn=search_cache
116 5 0 0 0 0 0 0 0 0
fl=/usr/src/debug/glibc-2.28-251.el8_10.14.x86_64/elf/../sysdeps/generic/dl-hash.h
fn=__rtld_malloc_init_real
43 1 0 0 0 0 0 0 0 0
44 1 0 0 0 0 0 0 0 0
45 28 0 0 5 1 1 0 0 0
48 18 0 0 0 0 0 0 0 0
62 24 0 0 0 0 0 0 0 0
67 1 1 1 0 0 0 0 0 0
72 1 0 0 0 0 0 1 0 0
fl=/usr/src/debug/glibc-2.28-251.el8_10.14.x86_64/elf/../sysdeps/generic/ldsodefs.h
fn=_dl_relocate_object
126 300 1 1 100 0 0 0 0 0
fn=do_lookup_x
126 306 1 1 102 6 0 0 0 0
fl=/usr/src/debug/glibc-2.28-251.el8_10.14.x86_64/elf/../sysdeps/posix/dl-fileid.h
fn=_dl_map_object_from_fd
35 12 0 0 0 0 0 2 0 0
38 2 0 0 2 0 0 0 0 0
39 4 0 0 2 1 1 2 0 0
47 10 1 1 5 5 1 0 0 0
fl=/usr/src/debug/glibc-2.28-251.el8_10.14.x86_64/elf/../sysdeps/unix/sysv/linux/dl-osinfo.h
fn=dl_main
64 2 0 0 1 1 0 0 0 0
77 1 0 0 1 0 0 0 0 0
fl=/usr/src/debug/glibc-2.28-251.el8_10.14.x86_64/elf/../sysdeps/unix/sysv/linux/dl-sysdep.c
fn=_dl_discover_osversion
46 5 1 1 0 0 0 3 0 0
48 3 0 0 1 0 0 0 0 0
88 5 1 1 0 0 0 1 1 1
103 1 0 0 0 0 0 0 0 0
107 1 1 1 0 0 0 0 0 0
108 1 0 0 0 0 0 0 0 0
110 12 0 0 3 1 1 0 0 0
112 6 0 0 0 0 0 0 0 0
114 16 0 0 4 0 0 0 0 0
116 1 0 0 0 0 0 0 0 0
117 2 0 0 0 0 0 0 0 0
120 3 0 0 0 0 0 0 0 0
121 3 0 0 0 0 0 0 0 0
122 3 0 0 0 0 0 0 0 0
124 13 1 1 0 0 0 0 0 0
129 2 0 0 0 0 0 0 0 0
133 5 0 0 4 0 0 0 0 0
fn=_dl_sysdep_start
36 2 0 0 0 0 0 1 0 0
fl=/usr/src/debug/glibc-2.28-251.el8_10.14.x86_64/elf/../sysdeps/unix/sysv/linux/x86/cpu-features.c
fn=init_cpu_features.constprop.0
28 6 0 0 0 0 0 0 0 0
fl=/usr/src/debug/glibc-2.28-251.el8_10.14.x86_64/elf/../sysdeps/unix/sysv/linux/x86_64/brk.c
fn=brk
28 1 1 1 0 0 0 0 0 0
31 5 0 0 0 0 0 1 1 1
33 2 0 0 0 0 0 0 0 0
39 1 0 0 0 0 0 0 0 0
40 1 0 0 1 0 0 0 0 0
fl=/usr/src/debug/glibc-2.28-251.el8_10.14.x86_64/elf/../sysdeps/x86/cpu-features.c
fn=get_common_indices.constprop.1
321 3 1 1 0 0 0 1 0 0
328 5 0 0 0 0 0 3 1 1
332 1 0 0 0 0 0 1 0 0
333 4 0 0 0 0 0 1 0 0
334 4 1 1 0 0 0 1 0 0
335 4 0 0 0 0 0 1 0 0
336 3 0 0 0 0 0 1 0 0
337 2 0 0 1 0 0 0 0 0
344 2 0 0 1 0 0 0 0 0
346 9 1 1 0 0 0 4 0 0
351 8 1 1 0 0 0 4 2 2
358 2 0 0 1 0 0 0 0 0
359 7 0 0 0 0 0 4 1 1
365 2 0 0 1 0 0 0 0 0
371 2 1 1 2 0 0 0 0 0
fn=init_cpu_features.constprop.0
299 4 0 0 0 0 0 0 0 0
300 2 0 0 0 0 0 0 0 0
301 6 1 1 0 0 0 4 0 0
306 2 0 0 0 0 0 0 0 0
307 6 0 0 0 0 0 4 0 0
312 2 0 0 0 0 0 0 0 0
313 6 1 1 0 0 0 4 0 0
386 3 1 1 0 0 0 2 0 0
389 1 0 0 0 0 0 1 0 0
390 1 0 0 0 0 0 1 0 0
391 2 0 0 0 0 0 1 0 0
402 2 0 0 0 0 0 1 0 0
405 6 1 1 0 0 0 0 0 0
409 2 0 0 0 0 0 0 0 0
411 6 1 1 0 0 0 1 0 0
416 1 0 0 0 0 0 1 0 0
418 3 0 0 1 0 0 0 0 0
420 3 1 1 2 0 0 1 0 0
421 8 1 1 2 1 1 0 0 0
476 2 0 0 1 0 0 0 0 0
490 1 0 0 1 0 0 0 0 0
500 5 0 0 0 0 0 0 0 0
514 1 0 0 1 0 0 0 0 0
515 1 0 0 0 0 0 0 0 0
523 2 0 0 1 0 0 0 0 0
525 1 1 1 1 0 0 0 0 0
530 2 1 1 1 0 0 0 0 0
532 1 0 0 1 0 0 0 0 0
536 3 0 0 1 0 0 0 0 0
544 2 0 0 0 0 0 0 0 0
546 2 0 0 1 0 0 0 0 0
648 3 1 1 1 0 0 0 0 0
649 1 0 0 1 0 0 0 0 0
652 2 0 0 0 0 0 0 0 0
653 1 0 0 1 0 0 0 0 0
659 1 0 0 0 0 0 1 0 0
660 1 0 0 0 0 0 1 0 0
661 1 0 0 0 0 0 1 0 0
662 1 0 0 0 0 0 1 0 0
665 4 1 1 0 0 0 1 0 0
667 6 0 0 1 0 0 2 0 0
669 6 1 1 1 0 0 2 0 0
671 6 0 0 1 0 0 2 0 0
673 6 0 0 1 0 0 2 0 0
675 6 1 1 1 0 0 2 0 0
679 3 0 0 1 0 0 0 0 0
692 2 1 1 0 0 0 0 0 0
693 4 0 0 1 0 0 0 0 0
740 1 0 0 0 0 0 1 0 0
741 2 1 1 1 0 0 0 0 0
745 3 1 1 1 0 0 0 0 0
762 2 1 1 0 0 0 0 0 0
763 3 0 0 1 0 0 0 0 0
765 3 0 0 0 0 0 0 0 0
766 2 0 0 1 0 0 0 0 0
768 3 1 1 0 0 0 0 0 0
769 2 0 0 0 0 0 0 0 0
772 2 1 1 0 0 0 1 1 0
785 2 0 0 1 0 0 0 0 0
786 3 0 0 2 0 0 0 0 0
790 4 1 1 0 0 0 1 0 0
792 4 0 0 0 0 0 1 0 0
842 4 1 1 3 0 0 0 0 0
fn=update_usable.constprop.2
50 7 1 1 0 0 0 6 1 1
54 1 0 0 1 0 0 0 0 0
62 3 0 0 1 0 0 0 0 0
63 3 1 1 0 0 0 0 0 0
72 3 0 0 2 0 0 0 0 0
73 1 0 0 1 0 0 0 0 0
81 4 1 1 1 0 0 1 0 0
82 1 0 0 1 0 0 0 0 0
83 3 0 0 0 0 0 1 1 1
87 4 0 0 0 0 0 1 0 0
90 4 0 0 1 0 0 1 0 0
91 1 0 0 1 0 0 0 0 0
94 4 0 0 1 0 0 1 0 0
95 1 0 0 1 0 0 0 0 0
99 4 1 1 1 0 0 1 0 0
100 3 0 0 2 0 0 0 0 0
101 3 0 0 2 0 0 0 0 0
102 1 0 0 1 0 0 0 0 0
104 4 1 1 1 0 0 1 0 0
107 2 0 0 0 0 0 0 0 0
111 2 0 0 0 0 0 0 0 0
113 4 0 0 0 0 0 0 0 0
117 2 1 1 0 0 0 0 0 0
119 1 0 0 0 0 0 0 0 0
122 2 0 0 0 0 0 0 0 0
124 2 0 0 0 0 0 1 0 0
128 1 0 0 0 0 0 0 0 0
129 1 1 1 1 0 0 0 0 0
132 4 0 0 0 0 0 1 0 0
138 4 0 0 0 0 0 1 0 0
140 3 1 1 0 0 0 1 0 0
142 3 0 0 0 0 0 1 0 0
147 6 0 0 1 0 0 0 0 0
196 3 0 0 0 0 0 0 0 0
208 2 1 1 0 0 0 1 0 0
209 1 0 0 1 0 0 0 0 0
212 3 0 0 1 0 0 0 0 0
216 2 0 0 1 0 0 0 0 0
220 3 0 0 0 0 0 0 0 0
221 2 1 1 0 0 0 0 0 0
223 1 0 0 0 0 0 0 0 0
224 1 0 0 0 0 0 0 0 0
227 2 0 0 0 0 0 1 0 0
229 1 0 0 0 0 0 1 1 1
232 2 0 0 0 0 0 0 0 0
283 3 1 1 1 0 0 0 0 0
287 3 1 1 1 0 0 0 0 0
293 8 0 0 7 0 0 0 0 0
fl=/usr/src/debug/glibc-2.28-251.el8_10.14.x86_64/elf/../sysdeps/x86/dl-cet.c
fn=_dl_cet_check
245 1 1 1 0 0 0 0 0 0
246 1 0 0 0 0 0 0 0 0
fn=dl_cet_check
39 7 1 1 0 0 0 6 0 0
41 2 0 0 0 0 0 0 0 0
42 1 0 0 1 0 0 0 0 0
44 1 0 0 0 0 0 0 0 0
45 1 0 0 0 0 0 0 0 0
48 4 1 1 0 0 0 0 0 0
49 2 0 0 0 0 0 0 0 0
54 1 0 0 1 0 0 0 0 0
59 2 0 0 0 0 0 0 0 0
228 8 1 1 7 0 0 0 0 0
fl=/usr/src/debug/glibc-2.28-251.el8_10.14.x86_64/elf/../sysdeps/x86/dl-get-cpu-features.c
fn=__x86_cpu_features
38 3 0 0 1 1 0 0 0 0
42 3 2 1 1 0 0 0 0 0
fn=_dl_x86_init_cpu_features
36 1 1 1 0 0 0 0 0 0
38 3 0 0 1 1 0 0 0 0
39 1 0 0 0 0 0 0 0 0
fl=/usr/src/debug/glibc-2.28-251.el8_10.14.x86_64/elf/../sysdeps/x86/dl-hwcap.h
fn=_dl_important_hwcaps
57 6 1 1 1 0 0 0 0 0
fl=/usr/src/debug/glibc-2.28-251.el8_10.14.x86_64/elf/../sysdeps/x86/dl-procinfo.h
fn=search_cache
39 2 0 0 0 0 0 0 0 0
42 7 2 2 0 0 0 2 0 0
fl=/usr/src/debug/glibc-2.28-251.el8_10.14.x86_64/elf/../sysdeps/x86/dl-prop.h
fn=_dl_process_pt_note
53 4 2 2 2 0 0 0 0 0
59 4 0 0 2 0 0 0 0 0
62 1 0 0 0 0 0 0 0 0
67 8 0 0 0 0 0 0 0 0
70 3 1 1 1 0 0 0 0 0
71 2 0 0 1 0 0 0 0 0
72 2 0 0 1 0 0 0 0 0
76 3 1 1 1 0 0 0 0 0
80 3 0 0 0 0 0 1 0 0
83 3 0 0 1 0 0 0 0 0
84 2 0 0 0 0 0 0 0 0
88 1 0 0 0 0 0 0 0 0
89 2 0 0 0 0 0 0 0 0
93 2 2 2 1 0 0 0 0 0
94 1 0 0 1 0 0 0 0 0
97 2 0 0 0 0 0 0 0 0
100 1 0 0 0 0 0 0 0 0
101 4 0 0 0 0 0 0 0 0
106 2 0 0 0 0 0 0 0 0
113 2 0 0 0 0 0 0 0 0
116 2 0 0 1 0 0 1 0 0
120 1 0 0 0 0 0 0 0 0
136 1 0 0 0 0 0 0 0 0
137 5 0 0 0 0 0 0 0 0
142 5 0 0 1 0 0 0 0 0
143 1 0 0 1 0 0 0 0 0
144 2 0 0 0 0 0 0 0 0
145 2 0 0 1 0 0 0 0 0
153 20 1 1 0 0 0 12 1 1
156 4 0 0 0 0 0 1 0 0
157 2 0 0 2 1 1 0 0 0
159 8 0 0 4 0 0 0 0 0
163 2 0 0 0 0 0 0 0 0
164 16 3 3 1 0 0 0 0 0
170 4 0 0 0 0 0 2 1 1
171 7 0 0 1 0 0 1 0 0
180 2 0 0 0 0 0 0 0 0
183 2 1 1 0 0 0 0 0 0
184 17 0 0 14 0 0 0 0 0
fn=dl_main
33 3 0 0 1 1 0 1 0 0
59 4 1 1 2 0 0 0 0 0
fl=/usr/src/debug/glibc-2.28-251.el8_10.14.x86_64/elf/../sysdeps/x86_64/dl-hwcaps-subdirs.c
fn=_dl_hwcaps_subdirs_active
27 1 1 1 0 0 0 0 0 0
33 8 1 1 1 1 0 0 0 0
34 4 0 0 1 1 0 0 0 0
40 1 0 0 0 0 0 0 0 0
44 5 0 0 0 0 0 0 0 0
47 5 1 1 1 0 0 0 0 0
49 4 0 0 0 0 0 0 0 0
50 2 0 0 0 0 0 0 0 0
53 1 0 0 0 0 0 0 0 0
57 2 1 1 0 0 0 0 0 0
60 2 0 0 0 0 0 0 0 0
62 1 0 0 0 0 0 0 0 0
66 1 0 0 1 0 0 0 0 0
fl=/usr/src/debug/glibc-2.28-251.el8_10.14.x86_64/elf/../sysdeps/x86_64/dl-irel.h
fn=_dl_fixup
32 1 1 1 0 0 0 1 0 0
fl=/usr/src/debug/glibc-2.28-251.el8_10.14.x86_64/elf/../sysdeps/x86_64/dl-machine.h
fn=_dl_fixup
239 8 0 0 0 0 0 8 0 0
fn=_dl_relocate_object
76 8 0 0 2 0 0 0 0 0
82 2 0 0 2 1 0 0 0 0
86 3 1 1 1 1 1 0 0 0
92 1 0 0 0 0 0 1 0 0
100 3 0 0 1 0 0 0 0 0
120 2 0 0 1 1 0 0 0 0
122 3 0 0 0 0 0 1 0 0
124 4 0 0 1 1 0 0 0 0
274 234 1 1 0 0 0 0 0 0
295 234 0 0 0 0 0 0 0 0
299 234 0 0 0 0 0 0 0 0
306 5092 11 11 1043 232 72 781 95 0
307 1107 5 5 505 4 0 0 0 0
310 453 2 2 0 0 0 0 0 0
312 298 0 0 0 0 0 0 0 0
331 702 0 0 117 93 3 0 0 0
427 54 1 1 18 0 0 0 0 0
431 72 0 0 18 2 0 0 0 0
436 54 0 0 36 3 2 0 0 0
445 72 1 1 36 0 0 18 9 8
455 288 2 2 190 46 11 98 58 12
456 98 0 0 98 6 0 0 0 0
468 1 0 0 1 1 0 0 0 0
479 16 1 1 0 0 0 8 1 0
489 9 0 0 0 0 0 3 0 0
495 3 1 1 1 0 0 0 0 0
499 7 1 1 4 0 0 2 0 0
501 4 0 0 3 0 0 0 0 0
502 1 0 0 0 0 0 0 0 0
512 82 1 1 82 1 0 0 0 0
513 41 0 0 0 0 0 41 0 0
514 41 0 0 0 0 0 41 7 1
533 3648 0 0 1216 151 151 0 0 0
538 2432 0 0 0 0 0 0 0 0
539 3648 0 0 1216 153 153 1216 228 224
549 26 0 0 13 0 0 0 0 0
553 26 0 0 0 0 0 0 0 0
556 39 0 0 13 1 0 0 0 0
557 13 0 0 13 1 1 0 0 0
561 20 1 1 16 2 0 0 0 0
fn=_dl_start
58 3 0 0 1 1 1 0 0 0
271 6 0 0 0 0 0 0 0 0
299 12 0 0 0 0 0 0 0 0
307 60 1 1 24 5 5 0 0 0
310 12 0 0 0 0 0 0 0 0
331 34 0 0 5 1 1 0 0 0
351 10 1 1 5 0 0 5 0 0
352 5 0 0 0 0 0 0 0 0
419 1 1 1 0 0 0 0 0 0
538 100 0 0 50 6 6 0 0 0
539 150 0 0 50 6 6 50 30 29
fn=_dl_sysdep_start
225 1 0 0 0 0 0 1 0 0
fl=/usr/src/debug/glibc-2.28-251.el8_10.14.x86_64/elf/../sysdeps/x86_64/dl-runtime.h
fn=_dl_fixup
28 8 0 0 0 0 0 0 0 0
fl=/usr/src/debug/glibc-2.28-251.el8_10.14.x86_64/elf/../sysdeps/x86_64/dl-trampoline.h
fn=_dl_runtime_resolve_xsave
67 8 1 1 0 0 0 0 0 0
72 8 0 0 0 0 0 8 0 0
75 8 0 0 0 0 0 0 0 0
77 8 0 0 0 0 0 0 0 0
87 8 0 0 8 8 2 0 0 0
93 8 0 0 0 0 0 8 5 2
94 8 0 0 0 0 0 8 0 0
95 8 0 0 0 0 0 8 0 0
96 8 0 0 0 0 0 8 0 0
97 8 0 0 0 0 0 8 0 0
98 8 0 0 0 0 0 8 0 0
99 8 0 0 0 0 0 8 0 0
103 8 0 0 0 0 0 0 0 0
104 8 0 0 0 0 0 0 0 0
107 8 1 1 0 0 0 8 7 2
108 8 0 0 0 0 0 8 0 0
110 8 0 0 0 0 0 8 0 0
111 8 0 0 0 0 0 8 0 0
112 8 0 0 0 0 0 8 0 0
113 8 0 0 0 0 0 8 0 0
114 8 0 0 0 0 0 8 0 0
115 8 0 0 0 0 0 8 0 0
117 8 1 1 8 0 0 264 53 18
124 8 0 0 8 0 0 0 0 0
125 8 0 0 8 0 0 0 0 0
126 8 0 0 0 0 0 8 5 2
127 8 0 0 0 0 0 0 0 0
132 8 0 0 0 0 0 0 0 0
133 8 0 0 0 0 0 0 0 0
134 8 0 0 288 22 0 0 0 0
136 8 0 0 8 8 0 0 0 0
137 8 0 0 8 0 0 0 0 0
138 8 0 0 8 0 0 0 0 0
139 8 0 0 8 0 0 0 0 0
140 8 0 0 8 0 0 0 0 0
141 8 0 0 8 0 0 0 0 0
142 8 0 0 8 0 0 0 0 0
144 8 1 1 0 0 0 0 0 0
146 8 0 0 8 8 0 0 0 0
150 8 0 0 0 0 0 0 0 0
153 8 0 0 0 0 0 0 0 0
fl=/usr/src/debug/glibc-2.28-251.el8_10.14.x86_64/elf/./dl-hwcaps.h
fn=_dl_important_hwcaps
54 4 0 0 1 0 0 2 0 0
56 5 1 1 2 0 0 2 0 0
88 2 0 0 1 0 0 1 0 0
89 3 0 0 1 0 0 1 0 0
fn=copy_hwcaps.isra.1
54 2 0 0 0 0 0 2 0 0
56 4 1 1 0 0 0 2 0 0
88 2 0 0 0 0 0 2 0 0
89 4 0 0 0 0 0 2 0 0
fn=update_hwcaps_counts
54 2 0 0 0 0 0 2 1 1
56 4 0 0 0 0 0 2 0 0
88 2 0 0 0 0 0 2 0 0
89 4 0 0 0 0 0 2 0 0
fl=/usr/src/debug/glibc-2.28-251.el8_10.14.x86_64/elf/./dl-load.h
fn=_dl_map_object_from_fd
90 12 0 0 6 0 0 0 0 0
91 6 0 0 4 0 0 2 0 0
93 12 0 0 6 0 0 0 0 0
94 4 1 1 2 0 0 0 0 0
95 6 1 1 2 0 0 0 0 0
96 4 0 0 1 0 0 0 0 0
98 4 0 0 0 0 0 1 0 0
fl=/usr/src/debug/glibc-2.28-251.el8_10.14.x86_64/elf/./dl-main.h
fn=dl_main
109 5 0 0 4 0 0 1 0 0
fl=/usr/src/debug/glibc-2.28-251.el8_10.14.x86_64/elf/./dl-map-segments.h
fn=_dl_map_object_from_fd
50 4 0 0 2 1 0 0 0 0
56 16 1 1 6 0 0 6 1 1
60 6 0 0 2 0 0 0 0 0
63 6 0 0 2 0 0 2 0 0
64 4 0 0 0 0 0 2 0 0
66 4 0 0 2 0 0 0 0 0
73 14 1 1 5 0 0 2 0 0
80 4 1 1 4 0 0 0 0 0
90 30 0 0 6 0 0 0 0 0
92 24 0 0 12 0 0 4 0 0
94 48 1 1 20 0 0 8 0 0
104 24 1 1 12 0 0 0 0 0
110 4 0 0 2 0 0 0 0 0
111 2 0 0 0 0 0 0 0 0
112 6 0 0 2 2 0 0 0 0
113 4 0 0 0 0 0 0 0 0
115 4 0 0 0 0 0 0 0 0
120 4 0 0 0 0 0 0 0 0
123 4 0 0 2 0 0 0 0 0
131 16 1 1 0 0 0 8 0 0
132 6 0 0 6 0 0 0 0 0
137 4 0 0 0 0 0 0 0 0
141 9 1 1 1 0 0 2 0 0
144 3 0 0 1 0 0 0 0 0
149 6 1 1 0 0 0 0 0 0
fl=/usr/src/debug/glibc-2.28-251.el8_10.14.x86_64/elf/./dl-sym-post.h
fn=lookup_malloc_symbol
41 8 0 0 0 0 0 0 0 0
53 12 0 0 4 4 0 0 0 0
60 4 0 0 4 0 0 0 0 0
fl=/usr/src/debug/glibc-2.28-251.el8_10.14.x86_64/elf/dl-audit.c
fn=_dl_audit_activity_map
29 6 1 1 0 0 0 4 0 0
30 1 0 0 1 0 0 0 0 0
31 3 0 0 1 1 0 0 0 0
37 6 1 1 5 0 0 0 0 0
fn=_dl_audit_activity_nsid
41 18 2 1 0 0 0 12 0 0
45 12 2 2 3 1 0 0 0 0
47 9 0 0 3 2 1 0 0 0
51 18 0 0 15 0 0 0 0 0
fn=_dl_audit_objclose
97 4 1 1 0 0 0 0 0 0
98 16 0 0 8 1 0 0 0 0
fn=_dl_audit_objopen
77 2 1 1 0 0 0 0 0 0
78 8 0 0 4 1 0 0 0 0
fn=_dl_audit_preinit
118 1 1 1 0 0 0 0 0 0
119 4 0 0 2 1 0 0 0 0
fl=/usr/src/debug/glibc-2.28-251.el8_10.14.x86_64/elf/dl-cache.c
fn=_dl_cache_libcmp
360 11 1 1 0 0 0 0 0 0
361 220 0 0 110 14 13 0 0 0
363 216 0 0 0 0 0 0 0 0
365 2 0 0 0 0 0 0 0 0
371 3 0 0 0 0 0 0 0 0
372 3 0 0 0 0 0 0 0 0
373 4 1 1 1 0 0 0 0 0
375 4 0 0 1 0 0 0 0 0
377 2 0 0 0 0 0 0 0 0
383 106 1 1 0 0 0 0 0 0
385 106 0 0 0 0 0 0 0 0
386 20 0 0 10 0 0 0 0 0
389 43 0 0 0 0 0 0 0 0
390 43 0 0 0 0 0 0 0 0
393 3 0 0 1 0 0 0 0 0
fn=_dl_load_cache_lookup
406 6 1 1 0 0 0 2 0 0
408 2 0 0 1 0 0 0 0 0
411 3 0 0 1 1 1 0 0 0
414 6 1 1 0 0 0 2 0 0
422 6 1 1 2 0 0 0 0 0
423 8 1 1 3 1 1 0 0 0
426 7 0 0 0 0 0 0 0 0
427 1 0 0 1 0 0 0 0 0
429 1 0 0 1 0 0 0 0 0
434 1 1 1 0 0 0 1 0 0
435 2 0 0 0 0 0 1 0 0
485 3 1 1 1 0 0 0 0 0
488 5 0 0 1 0 0 1 0 0
503 2 0 0 1 0 0 0 0 0
507 2 0 0 0 0 0 0 0 0
515 18 3 3 1 0 0 1 0 0
516 4 0 0 0 0 0 1 0 0
517 2 0 0 0 0 0 1 0 0
518 3 0 0 3 0 0 0 0 0
fn=_dl_unload_cache
527 2 1 1 0 0 0 0 0 0
528 4 0 0 1 1 0 0 0 0
530 2 0 0 1 0 0 1 0 0
531 1 0 0 0 0 0 1 0 0
535 1 1 1 0 0 0 1 0 0
537 2 0 0 1 0 0 0 0 0
fn=search_cache
190 12 0 0 0 0 0 0 0 0
202 13 2 2 0 0 0 10 0 0
204 1 0 0 1 0 0 0 0 0
206 1 0 0 0 0 0 0 0 0
207 7 1 1 1 0 0 3 0 0
209 9 1 1 2 1 0 3 0 0
210 3 0 0 1 0 0 0 0 0
212 7 0 0 2 0 0 1 0 0
219 20 0 0 0 0 0 0 0 0
221 20 0 0 0 0 0 0 0 0
222 22 0 0 12 8 8 0 0 0
226 20 1 1 0 0 0 0 0 0
230 30 1 1 0 0 0 10 0 0
231 20 0 0 0 0 0 0 0 0
239 2 0 0 0 0 0 0 0 0
241 4 0 0 2 0 0 0 0 0
244 11 1 1 2 0 0 1 0 0
246 10 1 1 2 0 0 1 0 0
258 2 0 0 0 0 0 0 0 0
268 2 1 1 1 0 0 0 0 0
269 3 0 0 1 0 0 0 0 0
271 2 0 0 1 0 0 0 0 0
278 2 1 1 1 0 0 0 0 0
286 1 0 0 1 0 0 0 0 0
296 4 0 0 1 0 0 0 0 0
298 3 1 1 1 0 0 0 0 0
299 2 0 0 1 0 0 0 0 0
303 3 0 0 0 0 0 0 0 0
311 2 1 1 0 0 0 0 0 0
332 2 0 0 1 0 0 1 0 0
335 5 0 0 1 0 0 0 0 0
349 9 0 0 0 0 0 0 0 0
350 7 0 0 0 0 0 0 0 0
352 2 0 0 0 0 0 0 0 0
356 10 1 1 9 1 0 0 0 0
fl=/usr/src/debug/glibc-2.28-251.el8_10.14.x86_64/elf/dl-call-libc-early-init.c
fn=_dl_call_libc_early_init
27 4 1 1 0 0 0 2 0 0
29 2 0 0 0 0 0 0 0 0
33 7 1 1 0 0 0 1 0 0
37 2 0 0 0 0 0 0 0 0
39 4 0 0 3 0 0 0 0 0
40 2 0 0 0 0 0 0 0 0
41 3 0 0 2 0 0 0 0 0
fl=/usr/src/debug/glibc-2.28-251.el8_10.14.x86_64/elf/dl-debug.c
fn=_dl_debug_initialize
46 4 2 1 0 0 0 0 0 0
49 8 0 0 0 0 0 0 0 0
50 4 2 1 4 4 0 0 0 0
54 14 1 0 4 3 0 0 0 0
57 1 0 0 0 0 0 1 0 0
58 6 0 0 3 0 0 1 0 0
59 5 1 1 1 1 0 1 0 0
60 2 0 0 0 0 0 1 0 0
64 1 0 0 1 0 0 0 0 0
fn=_dl_debug_state
73 2 0 0 0 0 0 0 0 0
74 2 0 0 2 0 0 0 0 0
fl=/usr/src/debug/glibc-2.28-251.el8_10.14.x86_64/elf/dl-deps.c
fn=_dl_map_object_deps
144 4 0 0 0 0 0 2 0 0
145 2 0 0 0 0 0 2 1 0
146 7 1 1 0 0 0 2 0 0
148 3 0 0 0 0 0 1 0 0
152 8 0 0 2 0 0 2 0 0
159 12 2 2 0 0 0 8 1 0
160 20 2 2 1 1 0 0 0 0
176 11 1 1 1 0 0 1 0 0
177 1 0 0 1 0 0 0 0 0
180 2 0 0 1 0 0 1 0 0
198 2 1 1 1 0 0 1 0 0
199 2 0 0 0 0 0 1 0 0
200 2 1 1 0 0 0 2 0 0
202 9 0 0 6 0 0 0 0 0
206 4 0 0 0 0 0 0 0 0
209 8 0 0 4 0 0 4 0 0
213 16 1 1 4 4 0 4 0 0
214 25 2 2 11 3 1 0 0 0
217 6 0 0 0 0 0 0 0 0
221 6 1 1 2 0 0 2 0 0
224 16 0 0 8 5 0 0 0 0
226 6 1 1 4 3 0 2 0 0
231 2 0 0 0 0 0 2 0 0
232 2 0 0 0 0 0 2 0 0
233 4 0 0 2 0 0 2 0 0
234 4 1 1 2 0 0 2 0 0
237 212 1 1 56 13 0 2 0 0
238 102 0 0 0 0 0 0 0 0
244 18 2 2 4 1 0 2 0 0
246 2 0 0 0 0 0 2 0 0
248 8 2 2 4 0 0 2 0 0
249 4 0 0 2 0 0 0 0 0
258 2 0 0 2 0 0 0 0 0
260 4 0 0 2 0 0 0 0 0
265 14 1 1 2 0 0 0 0 0
268 2 0 0 0 0 0 2 1 0
269 2 0 0 0 0 0 2 0 0
270 2 0 0 0 0 0 2 0 0
271 4 1 1 2 1 0 2 1 0
273 2 0 0 2 0 0 0 0 0
275 10 0 0 2 0 0 4 0 0
279 6 0 0 2 0 0 0 0 0
280 3 0 0 0 0 0 1 0 0
282 144 0 0 0 0 0 0 0 0
287 3 0 0 0 0 0 2 0 0
303 6 0 0 0 0 0 3 1 0
380 6 1 1 0 0 0 3 0 0
433 12 1 1 4 0 0 0 0 0
435 6 0 0 0 0 0 2 1 0
438 4 0 0 0 0 0 0 0 0
439 4 0 0 0 0 0 0 0 0
445 2 0 0 0 0 0 2 2 1
446 10 0 0 2 0 0 2 0 0
447 10 0 0 0 0 0 2 0 0
450 2 0 0 0 0 0 2 0 0
451 2 0 0 2 1 0 0 0 0
455 16 1 1 8 0 0 0 0 0
457 4 1 1 4 0 0 0 0 0
458 19 0 0 5 1 0 0 0 0
464 6 0 0 2 1 0 0 0 0
465 1 0 0 0 0 0 1 0 0
468 4 0 0 1 1 0 1 0 0
479 3 1 1 1 0 0 0 0 0
481 2 0 0 0 0 0 0 0 0
486 4 0 0 1 0 0 1 0 0
487 1 0 0 0 0 0 1 1 0
488 2 1 1 1 0 0 0 0 0
490 15 0 0 4 0 0 1 0 0
494 12 0 0 4 0 0 0 0 0
498 8 1 1 0 0 0 0 0 0
500 20 0 0 8 0 0 4 1 1
505 4 0 0 4 0 0 0 0 0
508 2 0 0 1 1 0 0 0 0
560 3 1 1 1 1 0 0 0 0
597 3 1 1 1 0 0 0 0 0
598 5 1 1 1 0 0 0 0 0
612 3 1 1 0 0 0 1 0 0
617 8 1 1 1 0 0 1 0 0
618 4 1 1 2 1 0 0 0 0
622 1 0 0 0 0 0 1 0 0
624 1 0 0 0 0 0 1 0 0
625 1 0 0 1 0 0 0 0 0
626 2 1 1 0 0 0 0 0 0
633 3 0 0 1 0 0 0 0 0
636 3 0 0 1 0 0 0 0 0
639 8 0 0 7 1 0 0 0 0
fn=openaux
61 6 1 1 0 0 0 2 0 0
64 20 0 0 8 1 0 4 1 0
65 4 0 0 2 0 0 0 0 0
68 2 0 0 2 0 0 0 0 0
69 4 0 0 4 0 0 0 0 0
fl=/usr/src/debug/glibc-2.28-251.el8_10.14.x86_64/elf/dl-environ.c
fn=_dl_next_ld_env_entry
28 3 1 1 0 0 0 0 0 0
29 3 0 0 3 0 0 0 0 0
32 601 0 0 200 26 0 0 0 0
34 398 0 0 199 129 0 0 0 0
35 36 0 0 18 2 0 0 0 0
37 2 0 0 0 0 0 0 0 0
40 4 0 0 0 0 0 2 1 0
42 2 1 1 2 1 0 0 0 0
45 197 0 0 0 0 0 0 0 0
49 1 0 0 1 0 0 0 0 0
fl=/usr/src/debug/glibc-2.28-251.el8_10.14.x86_64/elf/dl-error-skeleton.c
fn=_dl_catch_error
225 8 1 1 0 0 0 3 0 0
227 4 0 0 0 0 0 1 0 0
228 2 0 0 1 0 0 1 0 0
229 2 0 0 1 0 0 1 0 0
230 2 1 1 1 0 0 1 0 0
232 5 0 0 4 0 0 0 0 0
fn=_dl_catch_exception
175 24 2 2 3 0 0 15 4 3
178 6 0 0 0 0 0 0 0 0
199 6 0 0 3 0 0 3 2 1
200 6 0 0 0 0 0 3 0 0
203 6 0 0 0 0 0 3 0 0
206 21 0 0 0 0 0 3 0 0
208 9 1 1 6 0 0 3 0 0
209 6 0 0 3 0 0 3 2 0
210 12 0 0 3 0 0 6 3 0
219 12 0 0 6 1 0 0 0 0
fn=_dl_receive_error
238 4 0 0 0 0 0 2 0 0
239 1 0 0 1 0 0 0 0 0
240 1 0 0 1 1 0 0 0 0
243 1 1 1 0 0 0 1 0 0
244 1 0 0 0 0 0 1 0 0
246 2 0 0 0 0 0 1 0 0
248 1 0 0 0 0 0 1 0 0
249 1 0 0 0 0 0 1 1 0
250 4 0 0 3 0 0 0 0 0
fl=/usr/src/debug/glibc-2.28-251.el8_10.14.x86_64/elf/dl-fini.c
fn=_dl_fini
30 9 1 1 0 0 0 6 0 0
47 6 1 1 0 0 0 1 0 0
50 7 0 0 1 1 1 0 0 0
53 2 1 1 1 1 1 1 0 0
55 1 0 0 1 1 1 0 0 0
58 2 0 0 0 0 0 0 0 0
60 6 0 0 3 1 0 0 0 0
65 1 0 0 0 0 0 1 0 0
67 3 0 0 0 0 0 1 0 0
72 17 3 3 1 0 0 0 0 0
77 16 0 0 5 0 0 0 0 0
79 8 0 0 4 3 1 0 0 0
81 8 0 0 0 0 0 0 0 0
83 8 0 0 0 0 0 4 0 0
84 4 0 0 0 0 0 4 3 3
85 4 1 1 0 0 0 0 0 0
89 4 0 0 4 1 1 0 0 0
91 6 0 0 0 0 0 0 0 0
92 6 0 0 0 0 0 0 0 0
98 6 1 1 0 0 0 2 0 0
107 2 0 0 1 0 0 1 0 0
112 19 0 0 5 0 0 1 0 0
114 4 1 1 4 0 0 0 0 0
116 12 0 0 4 1 0 0 0 0
119 8 0 0 0 0 0 4 0 0
122 12 0 0 4 4 4 0 0 0
123 6 1 1 2 2 1 0 0 0
126 4 0 0 2 0 0 0 0 0
137 8 0 0 4 4 3 2 0 0
138 2 1 1 2 0 0 0 0 0
139 4 0 0 2 0 0 0 0 0
140 16 0 0 4 2 2 0 0 0
141 2 0 0 2 2 2 2 0 0
145 4 1 1 0 0 0 0 0 0
146 6 0 0 4 1 1 2 0 0
152 8 0 0 0 0 0 4 0 0
157 4 0 0 4 0 0 0 0 0
161 5 0 0 1 0 0 1 0 0
167 6 1 1 2 0 0 0 0 0
173 2 0 0 1 0 0 0 0 0
180 8 0 0 7 1 0 0 0 0
fl=/usr/src/debug/glibc-2.28-251.el8_10.14.x86_64/elf/dl-hwcaps.c
fn=_dl_important_hwcaps
100 3 0 0 0 0 0 1 1 0
102 2 0 0 0 0 0 0 0 0
105 1 0 0 0 0 0 1 0 0
108 1 0 0 0 0 0 0 0 0
112 4 1 1 0 0 0 1 0 0
125 12 1 1 0 0 0 3 0 0
127 10 0 0 4 0 0 2 1 0
128 4 0 0 2 0 0 2 0 0
129 4 0 0 0 0 0 2 0 0
130 2 0 0 0 0 0 0 0 0
133 2 0 0 0 0 0 0 0 0
142 16 2 2 8 0 0 3 0 0
143 2 0 0 0 0 0 0 0 0
151 2 0 0 2 0 0 0 0 0
155 7 1 1 2 0 0 1 0 0
156 2 0 0 0 0 0 0 0 0
157 4 0 0 0 0 0 0 0 0
161 1 0 0 1 0 0 0 0 0
162 2 0 0 1 0 0 1 0 0
163 4 0 0 0 0 0 3 0 0
172 15 2 2 0 0 0 10 1 1
173 7 0 0 1 0 0 2 1 1
175 2 0 0 1 1 0 1 0 0
176 4 0 0 1 0 0 1 0 0
184 3 1 1 0 0 0 2 0 0
185 3 0 0 0 0 0 2 0 0
186 6 0 0 0 0 0 1 0 0
187 5 1 1 0 0 0 1 0 0
189 1 0 0 1 0 0 0 0 0
195 1 0 0 1 0 0 0 0 0
196 7 1 1 2 0 0 2 0 0
200 19 1 1 3 0 0 0 0 0
201 7 0 0 2 0 0 2 1 1
202 2 0 0 0 0 0 0 0 0
208 17 2 2 1 0 0 2 0 0
209 2 0 0 0 0 0 0 0 0
210 11 1 1 3 0 0 2 0 0
211 4 0 0 2 0 0 2 1 1
213 1 0 0 0 0 0 1 0 0
214 2 0 0 0 0 0 2 0 0
215 5 0 0 0 0 0 0 0 0
216 2 0 0 0 0 0 0 0 0
218 3 0 0 1 0 0 0 0 0
220 2 1 1 0 0 0 1 0 0
221 2 0 0 1 0 0 1 0 0
222 3 0 0 0 0 0 0 0 0
225 5 0 0 0 0 0 1 0 0
226 1 0 0 0 0 0 1 0 0
229 2 0 0 1 0 0 0 0 0
233 5 1 1 1 0 0 1 0 0
234 1 0 0 0 0 0 0 0 0
237 3 0 0 1 0 0 0 0 0
238 2 0 0 0 0 0 0 0 0
240 3 0 0 0 0 0 0 0 0
241 3 0 0 0 0 0 0 0 0
242 5 1 1 1 0 0 0 0 0
243 2 0 0 0 0 0 0 0 0
247 1 1 1 0 0 0 0 0 0
250 2 0 0 0 0 0 0 0 0
254 11 1 1 2 0 0 3 1 1
261 3 0 0 1 0 0 0 0 0
262 2 0 0 0 0 0 0 0 0
269 1 0 0 0 0 0 1 0 0
270 4 1 1 1 0 0 1 0 0
271 8 0 0 2 0 0 1 0 0
272 6 1 1 3 0 0 1 0 0
275 1 0 0 1 0 0 0 0 0
276 1 0 0 1 0 0 0 0 0
283 2 0 0 0 0 0 0 0 0
285 1 0 0 0 0 0 1 0 0
307 2 0 0 0 0 0 1 0 0
310 15 1 1 2 0 0 4 0 0
317 2 0 0 2 0 0 0 0 0
320 2 0 0 0 0 0 0 0 0
323 10 0 0 4 0 0 4 0 0
326 11 1 1 3 0 0 0 0 0
327 23 1 1 2 0 0 4 0 0
328 7 1 1 2 0 0 2 0 0
331 10 0 0 2 0 0 4 0 0
333 6 0 0 2 0 0 0 0 0
338 25 0 0 0 0 0 0 0 0
339 24 1 1 0 0 0 8 1 1
343 18 1 1 1 0 0 0 0 0
346 36 0 0 0 0 0 0 0 0
347 96 0 0 0 0 0 0 0 0
348 48 0 0 24 0 0 12 0 0
350 9 1 1 0 0 0 0 0 0
353 3 0 0 1 0 0 0 0 0
354 2 0 0 0 0 0 0 0 0
355 14 0 0 1 0 0 0 0 0
357 6 1 1 0 0 0 0 0 0
358 2 0 0 2 0 0 0 0 0
360 1 0 0 1 0 0 0 0 0
361 4 0 0 0 0 0 2 0 0
368 19 1 1 6 0 0 4 0 0
369 4 0 0 0 0 0 0 0 0
371 8 0 0 0 0 0 0 0 0
374 2 0 0 2 0 0 0 0 0
375 4 0 0 1 0 0 1 0 0
380 9 0 0 8 0 0 0 0 0
fn=copy_hwcaps.isra.1
72 14 0 0 0 0 0 8 0 0
77 16 1 1 0 0 0 4 0 0
79 6 0 0 4 0 0 2 1 1
80 16 0 0 4 0 0 8 2 2
84 2 0 0 0 0 0 2 0 0
85 2 0 0 2 0 0 0 0 0
86 6 0 0 2 0 0 2 0 0
87 4 0 0 0 0 0 2 0 0
88 4 0 0 0 0 0 2 0 0
90 12 0 0 10 0 0 0 0 0
fn=update_hwcaps_counts
49 8 1 1 0 0 0 4 0 0
52 16 1 1 0 0 0 4 0 0
54 2 0 0 2 0 0 0 0 0
55 4 0 0 4 0 0 0 0 0
56 4 0 0 2 0 0 0 0 0
57 2 0 0 0 0 0 1 0 0
59 8 0 0 6 0 0 0 0 0
fl=/usr/src/debug/glibc-2.28-251.el8_10.14.x86_64/elf/dl-hwcaps_split.c
fn=_dl_hwcaps_contains
66 6 1 1 0 0 0 0 0 0
67 12 0 0 0 0 0 0 0 0
68 6 0 0 0 0 0 0 0 0
77 6 0 0 6 0 0 0 0 0
fn=_dl_hwcaps_split
25 1 0 0 0 0 0 0 0 0
26 3 0 0 1 0 0 0 0 0
47 2 0 0 1 0 0 0 0 0
fn=_dl_hwcaps_split.part.1
24 36 0 0 0 0 0 24 0 0
34 84 0 0 30 1 1 0 0 0
35 12 0 0 0 0 0 6 0 0
36 33 1 1 0 0 0 0 0 0
37 12 0 0 0 0 0 0 0 0
41 27 0 0 0 0 0 9 1 1
42 18 0 0 0 0 0 0 0 0
43 9 0 0 0 0 0 6 0 0
45 12 0 0 0 0 0 6 0 0
46 9 1 1 0 0 0 0 0 0
47 48 0 0 36 0 0 0 0 0
fn=_dl_hwcaps_split_masked
26 42 0 0 14 0 0 0 0 0
30 36 0 0 12 0 0 12 0 0
34 12 0 0 0 0 0 12 0 0
51 33 1 1 0 0 0 11 0 0
54 24 0 0 0 0 0 0 0 0
55 5 1 1 0 0 0 0 0 0
56 9 0 0 9 0 0 0 0 0
57 27 0 0 0 0 0 9 0 0
58 54 0 0 18 0 0 6 0 0
62 22 0 0 22 0 0 0 0 0
fl=/usr/src/debug/glibc-2.28-251.el8_10.14.x86_64/elf/dl-init.c
fn=_dl_init
30 20 1 1 5 3 0 1 0 0
79 12 1 1 0 0 0 6 0 0
80 1 1 1 1 1 0 0 0 0
81 1 0 0 1 0 0 0 0 0
84 3 0 0 1 1 0 0 0 0
87 2 0 0 0 0 0 1 0 0
92 2 0 0 0 0 0 0 0 0
117 1 0 0 1 1 0 0 0 0
118 18 0 0 0 0 0 3 0 0
119 12 1 1 8 4 0 0 0 0
122 2 0 0 0 0 0 1 0 0
123 8 0 0 7 0 0 0 0 0
fn=call_init.part.0
28 24 0 0 0 0 0 15 0 0
36 12 1 1 4 0 0 4 0 0
39 16 0 0 8 5 0 0 0 0
40 3 1 1 1 0 0 0 0 0
44 12 0 0 3 1 0 0 0 0
45 3 0 0 1 1 0 0 0 0
49 4 1 1 2 0 0 0 0 0
58 14 0 0 6 4 0 2 0 0
62 4 0 0 0 0 0 0 0 0
68 6 0 0 4 2 0 0 0 0
70 4 0 0 4 0 0 0 0 0
71 16 1 1 0 0 0 0 0 0
72 8 0 0 2 2 0 2 0 0
74 18 0 0 18 0 0 0 0 0
fl=/usr/src/debug/glibc-2.28-251.el8_10.14.x86_64/elf/dl-load.c
fn=_dl_dst_count
236 126 1 1 0 0 0 105 1 0
239 42 0 0 0 0 0 21 1 0
242 42 0 0 0 0 0 0 0 0
243 21 0 0 0 0 0 0 0 0
262 147 0 0 126 0 0 0 0 0
fn=_dl_init_paths
688 11 1 1 0 0 0 5 0 0
702 4 0 0 0 0 0 2 1 1
707 1 0 0 0 0 0 1 0 0
709 2 0 0 0 0 0 0 0 0
716 5 1 1 0 0 0 0 0 0
717 2 0 0 1 0 0 0 0 0
721 4 0 0 0 0 0 1 0 0
723 4 0 0 2 0 0 0 0 0
729 1 0 0 0 0 0 1 0 0
730 1 0 0 0 0 0 1 1 0
738 3 0 0 0 0 0 2 0 0
740 3 0 0 0 0 0 2 1 1
741 2 0 0 0 0 0 2 0 0
743 4 1 1 0 0 0 2 0 0
744 2 1 1 0 0 0 2 1 1
749 67 1 1 1 0 0 0 0 0
750 20 0 0 0 0 0 20 1 1
752 4 0 0 0 0 0 2 0 0
758 1 1 1 0 0 0 1 1 0
759 1 0 0 0 0 0 1 0 0
764 1 0 0 1 1 0 0 0 0
767 3 0 0 0 0 0 0 0 0
769 4 0 0 1 1 0 0 0 0
771 3 0 0 1 1 0 0 0 0
788 2 0 0 0 0 0 1 1 0
790 3 1 1 1 0 0 0 0 0
804 2 1 1 0 0 0 1 0 0
807 4 1 1 1 1 0 0 0 0
809 22 3 3 1 0 0 2 1 1
813 2 0 0 0 0 0 0 0 0
814 4757 1 1 1189 0 0 0 0 0
815 4770 0 0 0 0 0 0 0 0
816 36 0 0 0 0 0 0 0 0
818 1 0 0 0 0 0 1 1 0
820 2 0 0 0 0 0 0 0 0
826 7 1 1 0 0 0 1 0 0
829 3 0 0 2 1 0 0 0 0
835 1 0 0 0 0 0 1 0 0
839 7 0 0 6 1 0 0 0 0
fn=_dl_map_object
664 9 2 2 3 2 0 0 0 0
1931 30 1 1 0 0 0 24 4 4
1933 2 1 1 0 0 0 2 0 0
1939 6 0 0 0 0 0 0 0 0
1940 12 1 1 3 3 1 0 0 0
1943 48 0 0 9 0 0 3 0 0
1948 49 1 1 14 3 0 0 0 0
1950 35 0 0 0 0 0 7 0 0
1954 12 0 0 6 0 0 0 0 0
1955 18 1 1 6 4 0 0 0 0
1958 2 0 0 2 0 0 0 0 0
1959 6 0 0 4 2 0 0 0 0
1960 10 0 0 0 0 0 2 0 0
1974 20 0 0 4 1 0 4 0 0
1983 6 0 0 2 0 0 0 0 0
1998 2 0 0 0 0 0 2 2 2
2000 10 0 0 0 0 0 2 0 0
2004 4 1 1 0 0 0 2 0 0
2006 2 0 0 1 0 0 0 0 0
2013 4 1 1 1 1 0 0 0 0
2017 3 1 1 1 0 0 1 0 0
2018 1 0 0 0 0 0 0 0 0
2022 3 0 0 1 0 0 0 0 0
2023 1 0 0 0 0 0 0 0 0
2025 10 0 0 0 0 0 5 0 0
2037 2 0 0 0 0 0 0 0 0
2038 11 1 1 2 0 0 1 0 0
2039 1 0 0 0 0 0 0 0 0
2048 2 1 1 0 0 0 0 0 0
2063 2 1 1 1 1 0 0 0 0
2064 15 1 1 1 0 0 4 0 0
2070 5 0 0 1 0 0 0 0 0
2071 1 0 0 0 0 0 0 0 0
2079 1 1 1 0 0 0 1 1 0
2093 2 0 0 0 0 0 0 0 0
2095 3 0 0 1 0 0 0 0 0
2099 3 0 0 0 0 0 1 0 0
2101 2 0 0 0 0 0 0 0 0
2105 2 1 1 0 0 0 0 0 0
2113 3 0 0 1 1 0 0 0 0
2136 9 0 0 0 0 0 2 0 0
2140 3 1 1 1 0 0 0 0 0
2141 2 0 0 0 0 0 1 1 0
2154 3 1 1 2 0 0 0 0 0
2158 2 1 1 1 0 0 0 0 0
2164 1 0 0 0 0 0 1 0 0
2165 3 1 1 0 0 0 1 0 0
2166 2 0 0 0 0 0 0 0 0
2167 3 0 0 0 0 0 0 0 0
2171 9 0 0 0 0 0 2 0 0
2174 3 1 1 1 0 0 0 0 0
2186 8 0 0 2 0 0 0 0 0
2188 4 0 0 0 0 0 0 0 0
2232 4 0 0 2 0 0 2 0 0
2233 30 1 1 6 0 0 10 0 0
2235 29 1 1 23 2 0 0 0 0
fn=_dl_map_object_from_fd
877 30 1 1 0 0 0 20 2 2
887 8 1 1 2 0 0 4 1 1
904 33 1 1 13 6 0 0 0 0
905 10 0 0 5 3 0 0 0 0
922 4 1 1 2 0 0 0 0 0
950 8 0 0 2 0 0 2 0 0
960 4 0 0 2 1 0 0 0 0
982 16 1 1 10 0 0 2 1 0
983 4 0 0 0 0 0 0 0 0
994 4 0 0 2 2 0 2 1 1
995 8 1 1 4 0 0 4 1 0
996 4 0 0 2 1 0 2 0 0
998 6 0 0 0 0 0 0 0 0
999 8 0 0 4 0 0 0 0 0
1000 2 0 0 0 0 0 0 0 0
1015 2 0 0 0 0 0 2 0 0
1017 2 0 0 0 0 0 2 0 0
1019 38 2 2 4 0 0 4 0 0
1020 2 0 0 0 0 0 0 0 0
1021 2 0 0 0 0 0 2 0 0
1027 152 0 0 20 0 0 0 0 0
1028 169 2 2 20 2 2 0 0 0
1034 4 1 1 2 0 0 0 0 0
1039 4 0 0 2 0 0 2 0 0
1040 12 0 0 4 1 0 2 0 0
1045 2 0 0 1 0 0 1 1 1
1046 1 0 0 0 0 0 0 0 0
1051 30 2 2 12 1 0 0 0 0
1056 42 0 0 12 0 0 0 0 0
1063 24 0 0 12 0 0 0 0 0
1074 12 0 0 0 0 0 0 0 0
1075 36 1 1 0 0 0 6 2 2
1076 24 0 0 0 0 0 6 0 0
1077 6 0 0 0 0 0 6 1 1
1078 18 0 0 12 0 0 6 0 0
1079 12 0 0 0 0 0 6 2 2
1083 12 1 1 0 0 0 0 0 0
1084 24 0 0 12 0 0 4 0 0
1088 12 0 0 0 0 0 0 0 0
1089 48 1 1 12 0 0 6 0 0
1099 6 0 0 0 0 0 0 0 0
1102 3 0 0 1 1 1 0 0 0
1106 1 0 0 0 0 0 1 1 1
1107 2 0 0 1 0 0 1 0 0
1108 3 0 0 1 0 0 0 0 0
1111 3 1 1 0 0 0 1 0 0
1112 2 0 0 1 0 0 1 0 0
1115 1 0 0 0 0 0 1 1 1
1120 4 0 0 1 0 0 0 0 0
1127 12 1 1 2 0 0 4 0 0
1135 4 0 0 2 0 0 2 0 0
1136 2 0 0 0 0 0 0 0 0
1139 4 1 1 2 0 0 2 0 0
1140 4 0 0 2 0 0 2 0 0
1141 2 0 0 0 0 0 0 0 0
1144 14 0 0 2 0 0 2 0 0
1152 4 1 1 0 0 0 0 0 0
1165 4 0 0 0 0 0 0 0 0
1175 20 1 1 8 0 0 4 0 0
1187 8 1 1 4 1 0 0 0 0
1196 6 0 0 2 0 0 2 0 0
1203 4 1 1 0 0 0 0 0 0
1204 4 0 0 0 0 0 0 0 0
1224 6 0 0 2 0 0 0 0 0
1243 4 1 1 2 0 0 2 0 0
1245 10 0 0 4 2 0 0 0 0
1293 6 0 0 2 2 1 0 0 0
1294 2 0 0 1 0 0 1 0 0
1297 8 1 1 2 0 0 2 1 0
1306 4 0 0 2 0 0 0 0 0
1308 8 0 0 4 1 0 2 0 0
1310 4 0 0 2 1 0 0 0 0
1326 4 0 0 0 0 0 2 1 0
1330 4 1 1 2 1 0 0 0 0
1331 4 0 0 2 0 0 0 0 0
1348 4 0 0 2 0 0 0 0 0
1349 1 0 0 0 0 0 1 1 0
1352 6 0 0 2 1 0 4 2 0
1357 4 1 1 2 0 0 0 0 0
1367 4 0 0 2 0 0 0 0 0
1374 16 0 0 6 3 1 0 0 0
1375 6 1 1 2 0 0 0 0 0
1376 18 0 0 21 2 2 0 0 0
1377 2 1 1 2 2 0 0 0 0
1378 2 0 0 0 0 0 1 0 0
1384 4 1 1 2 1 0 0 0 0
1385 4 0 0 1 1 0 0 0 0
1390 2 0 0 0 0 0 1 0 0
1397 6 0 0 2 0 0 2 0 0
1400 8 0 0 4 3 0 0 0 0
1419 4 0 0 0 0 0 0 0 0
1423 14 1 1 6 2 0 0 0 0
1424 8 0 0 2 0 0 2 0 0
1428 18 0 0 14 1 0 0 0 0
fn=expand_dynamic_string_token
383 133 1 1 0 0 0 76 0 0
393 38 0 0 0 0 0 19 11 2
396 38 0 0 0 0 0 0 0 0
397 38 0 0 0 0 0 0 0 0
408 95 1 1 76 0 0 0 0 0
fn=fillin_rpath
452 16 1 1 0 0 0 12 2 2
454 1 0 0 0 0 0 0 0 0
456 120 1 1 40 1 0 20 0 0
459 1 0 0 0 0 0 0 0 0
460 1 0 0 0 0 0 0 0 0
463 38 0 0 19 0 0 0 0 0
465 72 0 0 18 0 0 18 0 0
469 36 0 0 0 0 0 0 0 0
474 36 0 0 0 0 0 18 0 0
475 36 1 1 0 0 0 0 0 0
482 126 2 2 18 0 0 0 0 0
487 72 0 0 0 0 0 18 0 0
491 684 0 0 228 35 0 0 0 0
492 454 1 1 215 38 0 6 1 0
510 57 1 1 19 18 0 0 0 0
514 57 1 1 19 0 0 0 0 0
516 38 0 0 0 0 0 0 0 0
520 38 0 0 0 0 0 38 11 9
521 38 1 1 19 0 0 0 0 0
522 76 0 0 0 0 0 38 2 2
523 38 0 0 19 0 0 19 0 0
525 38 0 0 19 0 0 0 0 0
526 4 0 0 0 0 0 4 0 0
531 76 0 0 19 0 0 0 0 0
532 665 1 1 19 0 0 0 0 0
533 190 0 0 0 0 0 190 0 0
535 38 0 0 19 0 0 19 0 0
536 57 0 0 19 0 0 0 0 0
541 38 0 0 0 0 0 19 0 0
543 38 1 1 19 3 0 19 0 0
544 19 0 0 0 0 0 19 0 0
547 57 0 0 0 0 0 19 10 2
553 1 0 0 0 0 0 1 0 0
556 9 0 0 7 1 0 0 0 0
fn=open_path
1779 8 1 1 0 0 0 6 1 1
1780 2 0 0 1 0 0 1 1 1
1783 2 0 0 0 0 0 1 0 0
1784 1 0 0 0 0 0 1 0 0
1786 2 0 0 0 0 0 0 0 0
1791 28 4 4 5 4 1 6 1 1
1798 19 0 0 0 0 0 0 0 0
1803 76 0 0 19 0 0 19 0 0
1810 95 1 1 38 23 0 38 2 1
1811 817 1 1 0 0 0 0 0 0
1814 380 0 0 190 2 0 0 0 0
1819 2090 1 1 1140 8 0 380 8 0
1822 380 0 0 0 0 0 190 0 0
1828 380 0 0 190 0 0 0 0 0
1831 1520 1 1 760 0 0 190 0 0
1833 570 0 0 190 0 0 0 0 0
1835 360 0 0 0 0 0 0 0 0
1840 360 1 1 180 0 0 0 0 0
1841 1440 0 0 720 19 0 0 0 0
1847 900 1 1 360 0 0 180 0 0
1849 1080 0 0 180 0 0 180 0 0
1850 34 0 0 17 0 0 0 0 0
1852 659 1 1 0 0 0 180 0 0
1859 40 0 0 0 0 0 0 0 0
1861 305 1 1 228 11 0 19 0 0
1869 38 0 0 0 0 0 19 0 0
1897 1 1 1 0 0 0 0 0 0
1900 128 1 1 18 0 0 0 0 0
1905 19 0 0 19 0 0 0 0 0
1907 95 1 1 57 5 0 0 0 0
1910 3 0 0 1 0 0 0 0 0
1924 9 0 0 7 1 0 0 0 0
fn=open_verify.constprop.9
1481 2304 1 1 0 0 0 1344 1 1
1520 576 0 0 192 1 0 0 0 0
1525 190 0 0 0 0 0 0 0 0
1539 960 0 0 0 0 0 192 2 2
1541 384 1 1 0 0 0 0 0 0
1546 12 1 1 0 0 0 2 0 0
1552 2 0 0 0 0 0 2 1 0
1553 6 0 0 0 0 0 2 1 1
1554 2 0 0 0 0 0 2 0 0
1558 14 0 0 2 0 0 2 0 0
1560 4 1 1 0 0 0 0 0 0
1562 4 0 0 2 0 0 2 0 0
1564 4 0 0 0 0 0 0 0 0
1570 4 0 0 0 0 0 0 0 0
1586 35 4 4 19 4 3 0 0 0
1645 4 0 0 2 0 0 0 0 0
1650 4 0 0 2 0 0 0 0 0
1652 8 0 0 2 0 0 0 0 0
1658 4 0 0 2 1 1 0 0 0
1664 10 1 1 2 0 0 0 0 0
1665 8 0 0 2 0 0 0 0 0
1666 4 0 0 2 0 0 0 0 0
1687 86 0 0 0 0 0 0 0 0
1688 34 1 1 16 12 12 0 0 0
1701 3 0 0 0 0 0 0 0 0
1704 4 0 0 2 0 0 0 0 0
1705 3 1 1 1 0 0 0 0 0
1729 12 0 0 8 2 2 0 0 0
1731 1 0 0 0 0 0 0 0 0
1732 12 1 1 2 0 0 0 0 0
1735 3 0 0 0 0 0 0 0 0
1740 1 0 0 0 0 0 0 0 0
1741 4 1 1 0 0 0 0 0 0
1744 2 1 1 0 0 0 0 0 0
1747 2 0 0 1 0 0 0 0 0
1748 4 0 0 1 0 0 0 0 0
1749 1 0 0 1 0 0 0 0 0
1750 4 0 0 1 0 0 0 0 0
1751 3 0 0 1 0 0 0 0 0
1765 1728 0 0 1344 0 0 0 0 0
fl=/usr/src/debug/glibc-2.28-251.el8_10.14.x86_64/elf/dl-lookup-direct.c
fn=_dl_lookup_direct
74 13 1 1 1 0 0 7 0 0
75 1 0 0 1 0 0 0 0 0
76 2 1 1 0 0 0 0 0 0
78 6 0 0 2 1 0 0 0 0
79 2 0 0 0 0 0 0 0 0
81 4 0 0 1 0 0 1 0 0
84 5 0 0 1 1 1 0 0 0
86 3 0 0 1 0 0 0 0 0
87 6 1 1 1 0 0 1 0 0
90 2 0 0 0 0 0 0 0 0
115 1 0 0 0 0 0 0 0 0
116 9 0 0 7 0 0 0 0 0
fn=check_match
31 5 1 1 0 0 0 5 0 0
32 1 0 0 1 1 0 0 0 0
33 4 0 0 1 1 0 0 0 0
35 2 0 0 1 1 1 0 0 0
36 2 0 0 1 0 0 0 0 0
48 4 1 1 1 0 0 1 0 0
51 1 0 0 1 0 0 0 0 0
53 8 0 0 2 0 0 1 0 0
57 2 0 0 2 2 1 0 0 0
58 6 1 1 2 1 0 0 0 0
59 3 0 0 1 0 0 1 0 0
61 3 0 0 0 0 0 0 0 0
64 7 0 0 6 0 0 0 0 0
fl=/usr/src/debug/glibc-2.28-251.el8_10.14.x86_64/elf/dl-lookup.c
fn=_dl_lookup_symbol_x
592 218 0 0 0 0 0 0 0 0
593 6505 0 0 1599 124 96 0 0 0
594 5960 1 1 0 0 0 0 0 0
609 204 1 1 0 0 0 0 0 0
852 1526 1 1 0 0 0 872 34 6
854 218 0 0 0 0 0 109 8 0
855 218 0 0 0 0 0 218 0 0
858 109 0 0 109 16 2 0 0 0
862 418 1 1 100 0 0 0 0 0
864 872 1 1 218 0 0 327 0 0
865 545 0 0 436 19 2 0 0 0
871 260 0 0 14 2 0 0 0 0
872 1846 1 1 647 8 0 763 13 1
877 218 0 0 109 2 0 0 0 0
879 42 1 1 7 2 0 0 0 0
896 7 1 1 0 0 0 7 0 0
897 14 0 0 0 0 0 0 0 0
901 800 1 1 200 14 0 0 0 0
941 408 0 0 102 4 0 0 0 0
955 306 0 0 102 40 2 0 0 0
956 2 1 1 0 0 0 1 0 0
958 306 1 1 102 16 0 0 0 0
963 204 0 0 102 0 0 102 0 0
965 981 0 0 763 197 0 0 0 0
fn=_dl_setup_hash
972 4 1 1 0 0 0 0 0 0
975 12 0 0 4 1 0 0 0 0
977 4 0 0 4 1 0 0 0 0
979 8 0 0 4 4 4 4 1 0
980 4 0 0 4 0 0 0 0 0
981 4 0 0 4 2 2 0 0 0
983 12 0 0 0 0 0 0 0 0
984 4 1 1 0 0 0 4 0 0
985 12 0 0 4 0 0 4 0 0
987 4 0 0 0 0 0 4 0 0
988 8 0 0 0 0 0 0 0 0
990 4 0 0 0 0 0 4 0 0
992 12 0 0 0 0 0 4 1 0
997 4 0 0 4 0 0 0 0 0
fn=check_match
69 918 1 1 306 62 19 408 10 1
72 714 1 1 102 7 4 0 0 0
77 102 0 0 0 0 0 0 0 0
85 816 0 0 102 0 0 102 46 1
88 369 0 0 66 0 0 33 2 0
92 102 1 1 102 19 2 0 0 0
93 204 0 0 0 0 0 0 0 0
95 200 0 0 0 0 0 0 0 0
114 200 0 0 200 45 8 0 0 0
115 800 1 1 300 211 4 0 0 0
116 500 1 1 200 6 0 100 4 0
143 4 0 0 0 0 0 0 0 0
145 12 1 1 4 2 1 0 0 0
146 8 0 0 0 0 0 0 0 0
161 612 0 0 510 0 0 0 0 0
fn=do_lookup_x
288 612 1 1 306 6 0 0 0 0
319 5 1 1 3 0 0 0 0 0
362 1417 1 1 218 0 0 1090 120 2
363 109 0 0 109 97 2 0 0 0
368 109 0 0 0 0 0 0 0 0
369 109 0 0 109 0 0 0 0 0
373 690 1 1 690 243 8 0 0 0
376 690 0 0 345 0 0 0 0 0
380 1386 1 1 3 1 0 345 0 0
401 688 0 0 344 218 6 0 0 0
405 688 1 1 344 27 2 0 0 0
411 1032 0 0 344 152 2 0 0 0
415 344 0 0 0 0 0 344 1 0
416 344 0 0 0 0 0 344 0 0
419 1032 1 1 688 458 8 344 0 0
420 1032 0 0 688 24 2 344 0 0
423 344 0 0 344 0 0 0 0 0
424 688 0 0 0 0 0 0 0 0
426 344 0 0 344 205 38 0 0 0
427 327 0 0 0 0 0 109 0 0
428 688 0 0 688 0 0 0 0 0
431 1720 0 0 688 0 0 0 0 0
434 2408 0 0 0 0 0 0 0 0
437 206 0 0 206 98 46 0 0 0
438 309 2 1 0 0 0 0 0 0
439 206 0 0 0 0 0 0 0 0
441 206 0 0 103 0 0 0 0 0
444 1000 0 0 200 102 61 0 0 0
446 306 1 1 102 0 0 0 0 0
447 2458 2 2 612 0 0 921 24 1
448 204 0 0 0 0 0 0 0 0
451 306 0 0 0 0 0 0 0 0
454 294 0 0 0 0 0 0 0 0
462 545 1 1 0 0 0 109 0 0
485 2 1 1 1 0 0 0 0 0
493 204 1 1 102 2 0 0 0 0
544 204 0 0 0 0 0 0 0 0
547 764 0 0 102 0 0 0 0 0
551 39 1 1 13 13 1 0 0 0
563 204 0 0 102 0 0 102 21 0
564 102 0 0 0 0 0 102 0 0
565 102 0 0 0 0 0 0 0 0
582 729 0 0 0 0 0 0 0 0
585 7 0 0 0 0 0 0 0 0
586 872 0 0 763 3 0 0 0 0
fl=/usr/src/debug/glibc-2.28-251.el8_10.14.x86_64/elf/dl-minimal.c
fn=__rtld_malloc_init_real
89 8 1 1 0 0 0 5 0 0
99 2 1 1 0 0 0 1 0 0
100 2 0 0 0 0 0 1 0 0
102 1 0 0 0 0 0 1 0 0
104 6 0 0 0 0 0 1 0 0
105 5 0 0 0 0 0 1 0 0
106 5 1 1 0 0 0 1 0 0
107 4 0 0 0 0 0 1 0 0
112 1 0 0 0 0 0 1 1 0
113 1 0 0 0 0 0 1 0 0
114 1 0 0 0 0 0 1 0 0
115 1 0 0 0 0 0 1 0 0
116 7 1 1 6 0 0 0 0 0
fn=__rtld_malloc_init_stubs
55 1 1 1 0 0 0 0 0 0
56 2 1 1 0 0 0 1 1 1
57 2 0 0 0 0 0 1 0 0
58 2 0 0 0 0 0 1 0 0
59 2 0 0 0 0 0 1 0 0
60 1 0 0 1 0 0 0 0 0
fn=lookup_malloc_symbol
74 28 1 1 0 0 0 12 0 0
76 4 0 0 0 0 0 4 0 0
77 32 0 0 4 2 0 12 0 0
81 28 1 1 16 0 0 0 0 0
82 24 0 0 12 0 0 0 0 0
84 4 0 0 0 0 0 4 0 0
85 20 0 0 16 0 0 0 0 0
fn=rtld_calloc
171 16 1 1 0 0 0 0 0 0
175 8 0 0 0 0 0 0 0 0
178 16 0 0 0 0 0 0 0 0
179 24 0 0 0 0 0 0 0 0
fn=rtld_free
188 21 0 0 0 0 0 0 0 0
190 84 0 0 42 0 0 0 0 0
fn=rtld_malloc
128 64 1 1 0 0 0 4 0 0
129 231 0 0 115 14 0 0 0 0
134 3 0 0 0 0 0 1 0 0
135 2 1 1 1 1 0 0 0 0
136 2 1 1 0 0 0 0 0 0
140 174 0 0 0 0 0 58 0 0
143 398 1 1 0 0 0 0 0 0
148 8 0 0 2 2 0 0 0 0
149 8 0 0 0 0 0 0 0 0
151 4 0 0 0 0 0 0 0 0
152 14 2 1 0 0 0 2 0 0
154 4 0 0 0 0 0 0 0 0
156 6 0 0 2 0 0 0 0 0
158 6 0 0 0 0 0 2 0 0
161 58 0 0 0 0 0 58 0 0
162 58 0 0 0 0 0 58 0 0
164 122 0 0 62 0 0 0 0 0
fn=strsep
341 20 1 1 0 0 0 0 0 0
344 60 0 0 20 12 1 0 0 0
346 20 0 0 20 0 0 0 0 0
347 40 0 0 0 0 0 0 0 0
351 7171 0 0 1189 9 0 0 0 0
356 4716 1 1 0 0 0 0 0 0
358 9360 0 0 2340 18 1 0 0 0
362 36 0 0 0 0 0 18 0 0
366 1170 0 0 0 0 0 0 0 0
369 19 0 0 0 0 0 19 0 0
373 20 0 0 20 0 0 0 0 0
fl=/usr/src/debug/glibc-2.28-251.el8_10.14.x86_64/elf/dl-misc.c
fn=_dl_name_match_p
340 84 1 1 0 0 0 28 1 1
341 56 1 1 14 7 0 14 0 0
342 17 0 0 0 0 0 0 0 0
344 14 0 0 14 6 0 0 0 0
346 58 0 0 0 0 0 0 0 0
347 90 0 0 18 15 0 18 0 0
350 15 0 0 15 0 0 0 0 0
352 11 0 0 0 0 0 0 0 0
353 70 1 1 42 0 0 0 0 0
fn=_dl_sysdep_read_whole_file
44 9 1 1 0 0 0 4 0 0
47 3 1 1 0 0 0 1 0 0
48 2 0 0 0 0 0 0 0 0
50 7 1 1 0 0 0 1 0 0
52 2 0 0 1 1 1 1 0 0
55 2 0 0 0 0 0 0 0 0
57 8 1 1 0 0 0 1 0 0
68 3 0 0 0 0 0 1 0 0
71 7 0 0 5 0 0 0 0 0
fl=/usr/src/debug/glibc-2.28-251.el8_10.14.x86_64/elf/dl-object.c
fn=_dl_add_to_namespace_list
31 18 1 1 0 0 0 9 0 0
33 9 1 1 3 1 0 3 1 0
35 22 0 0 3 2 0 0 0 0
38 15 0 0 5 5 0 0 0 0
40 2 0 0 0 0 0 2 0 0
42 2 0 0 0 0 0 2 0 0
45 2 0 0 0 0 0 1 0 0
46 9 1 1 3 0 0 0 0 0
47 6 0 0 3 2 1 3 0 0
48 6 0 0 0 0 0 3 0 0
50 6 0 0 3 0 0 0 0 0
51 9 0 0 9 0 0 0 0 0
fn=_dl_new_object
59 45 1 1 0 0 0 27 5 3
62 6 1 1 0 0 0 0 0 0
64 2 1 1 0 0 0 0 0 0
66 3 1 1 1 0 0 0 0 0
67 6 0 0 0 0 0 0 0 0
71 2 0 0 0 0 0 0 0 0
77 1 1 1 0 0 0 0 0 0
80 19 0 0 2 0 0 5 0 0
95 6 0 0 0 0 0 0 0 0
98 3 0 0 0 0 0 3 2 2
99 9 0 0 3 0 0 3 3 3
103 6 0 0 0 0 0 3 1 1
104 21 1 1 6 0 0 9 2 2
106 3 0 0 0 0 0 3 0 0
119 15 0 0 10 0 0 0 0 0
125 1 0 0 0 0 0 0 0 0
127 21 1 1 6 3 3 6 1 1
130 6 0 0 3 1 0 0 0 0
131 8 1 1 0 0 0 3 3 3
132 3 0 0 0 0 0 3 0 0
136 3 0 0 0 0 0 3 0 0
139 59 0 0 0 0 0 0 0 0
141 16 1 1 0 0 0 16 4 4
149 6 0 0 0 0 0 3 2 2
150 3 0 0 0 0 0 3 3 3
153 1 1 1 0 0 0 0 0 0
155 18 1 1 3 2 1 0 0 0
157 6 0 0 0 0 0 2 1 1
160 8 0 0 0 0 0 0 0 0
164 6 0 0 2 2 0 0 0 0
168 10 0 0 0 0 0 0 0 0
170 1 0 0 0 0 0 0 0 0
176 1 1 1 0 0 0 1 0 0
179 6 0 0 0 0 0 3 0 0
189 12 0 0 6 0 0 0 0 0
191 8 0 0 0 0 0 4 0 0
195 6 0 0 0 0 0 0 0 0
200 6 0 0 0 0 0 0 0 0
208 2 0 0 0 0 0 0 0 0
212 2 0 0 0 0 0 0 0 0
245 48 0 0 4 0 0 2 0 0
250 42 0 0 0 0 0 0 0 0
251 84 0 0 42 0 0 0 0 0
253 4 0 0 0 0 0 0 0 0
256 2 0 0 0 0 0 2 0 0
259 2 0 0 0 0 0 2 0 0
263 27 1 1 21 2 0 0 0 0
fl=/usr/src/debug/glibc-2.28-251.el8_10.14.x86_64/elf/dl-open.c
fn=_dl_find_dso_for_object
212 6 1 1 0 0 0 4 0 0
216 5 0 0 1 0 0 0 0 0
217 10 0 0 3 3 0 0 0 0
218 12 1 1 6 3 0 0 0 0
219 2 0 0 1 1 0 0 0 0
222 2 1 1 1 1 0 0 0 0
226 7 0 0 5 0 0 0 0 0
fl=/usr/src/debug/glibc-2.28-251.el8_10.14.x86_64/elf/dl-reloc.c
fn=_dl_protect_relro
348 8 1 1 0 0 0 4 0 0
349 24 1 1 12 3 0 0 0 0
352 12 0 0 4 0 0 0 0 0
356 8 0 0 0 0 0 0 0 0
357 28 0 0 0 0 0 4 0 0
363 8 0 0 8 0 0 0 0 0
fn=_dl_relocate_object
167 55 2 2 0 0 0 40 0 0
168 10 0 0 5 0 0 0 0 0
180 8 0 0 0 0 0 0 0 0
181 12 0 0 0 0 0 4 0 0
184 12 0 0 0 0 0 4 2 0
186 12 0 0 0 0 0 0 0 0
188 4 0 0 4 0 0 0 0 0
189 12 1 1 4 3 0 0 0 0
211 20 1 1 8 0 0 0 0 0
212 8 1 1 4 4 0 0 0 0
213 2 0 0 0 0 0 0 0 0
215 8 0 0 0 0 0 0 0 0
222 16 2 2 4 0 0 4 0 0
266 12 0 0 8 7 0 4 0 0
294 164 6 6 63 17 0 32 0 0
297 24 0 0 8 0 0 0 0 0
321 4 0 0 4 3 0 0 0 0
324 8 0 0 4 0 0 0 0 0
341 8 0 0 4 4 0 0 0 0
342 8 1 1 0 0 0 4 0 0
343 40 0 0 35 4 0 0 0 0
fl=/usr/src/debug/glibc-2.28-251.el8_10.14.x86_64/elf/dl-runtime.c
fn=_dl_fixup
45 56 1 1 0 0 0 32 0 0
47 8 0 0 8 0 0 0 0 0
48 16 0 0 16 15 4 0 0 0
53 8 1 1 8 8 2 0 0 0
54 24 0 0 8 5 2 0 0 0
55 56 0 0 16 8 2 8 0 0
57 24 0 0 16 8 2 0 0 0
62 16 0 0 0 0 0 0 0 0
66 16 2 1 8 8 4 0 0 0
68 32 1 1 8 8 2 0 0 0
70 24 0 0 8 8 2 0 0 0
74 16 0 0 16 14 4 0 0 0
75 32 0 0 8 8 2 0 0 0
83 8 0 0 0 0 0 0 0 0
84 24 0 0 8 8 1 0 0 0
94 80 0 0 16 6 2 24 5 2
98 40 1 1 24 0 0 0 0 0
108 80 0 0 32 0 0 8 0 0
123 32 1 1 8 0 0 0 0 0
124 2 0 0 0 0 0 1 1 0
132 24 0 0 8 5 0 0 0 0
149 16 1 1 8 0 0 0 0 0
158 24 0 0 8 7 1 0 0 0
162 48 0 0 40 0 0 0 0 0
fl=/usr/src/debug/glibc-2.28-251.el8_10.14.x86_64/elf/dl-sort-maps.c
fn=_dl_sort_maps
187 4 2 2 2 0 0 0 0 0
188 32 0 0 0 0 0 2 0 0
189 24 2 2 16 0 0 0 0 0
216 36 2 2 4 1 0 4 0 0
221 8 2 2 2 0 0 2 0 0
223 2 0 0 0 0 0 2 0 0
224 14 0 0 0 0 0 0 0 0
226 18 0 0 0 0 0 0 0 0
228 32 0 0 8 0 0 8 0 0
231 18 2 2 8 0 0 0 0 0
249 4 0 0 2 0 0 0 0 0
268 8 2 2 4 0 0 2 0 0
281 12 0 0 2 0 0 0 0 0
288 2 2 2 0 0 0 0 0 0
312 26 2 1 0 0 0 14 1 0
320 6 2 2 2 2 1 0 0 0
324 16 2 2 14 0 0 0 0 0
fn=_dl_sort_maps_init
303 2 1 1 0 0 0 0 0 0
304 4 0 0 0 0 0 1 0 0
305 1 0 0 0 0 0 1 1 1
306 3 1 1 1 0 0 0 0 0
307 2 0 0 1 0 0 0 0 0
fn=dfs_traversal
142 56 2 2 0 0 0 32 0 0
145 24 2 2 8 0 0 0 0 0
148 24 0 0 0 0 0 8 0 0
150 24 0 0 8 3 1 0 0 0
152 60 0 0 15 3 2 0 0 0
155 20 0 0 10 0 0 0 0 0
161 28 3 3 4 1 0 0 0 0
176 24 0 0 8 0 0 8 0 0
177 8 0 0 0 0 0 8 0 0
178 48 0 0 40 0 0 0 0 0
fl=/usr/src/debug/glibc-2.28-251.el8_10.14.x86_64/elf/dl-tunables.c
fn=__GI___tunables_init
69 1000 0 0 200 82 0 0 0 0
72 199 0 0 0 0 0 0 0 0
75 21949 1 1 3164 164 152 0 0 0
79 398 0 0 0 0 0 0 0 0
84 597 1 1 0 0 0 199 14 1
280 4 0 0 1 0 0 0 0 0
289 9 1 1 0 0 0 6 0 0
297 398 0 0 0 0 0 0 0 0
312 25671 2 2 0 0 0 0 0 0
318 31840 0 0 12736 201 0 0 0 0
330 796 1 1 199 0 0 0 0 0
364 8 0 0 7 1 0 0 0 0
fn=__tunable_get_val
412 25 1 1 0 0 0 0 0 0
415 284 2 1 25 17 0 0 0 0
419 72 0 0 18 2 0 18 0 0
424 8 1 1 4 2 0 4 0 0
425 4 0 0 0 0 0 0 0 0
434 6 0 0 3 0 0 3 0 0
435 3 0 0 0 0 0 0 0 0
441 125 0 0 25 0 0 0 0 0
443 25 0 0 25 0 0 0 0 0
fl=/usr/src/debug/glibc-2.28-251.el8_10.14.x86_64/elf/dl-tunables.h
fn=__GI___tunables_init
124 8065 0 0 3734 195 8 0 0 0
125 8054 0 0 0 0 0 0 0 0
fl=/usr/src/debug/glibc-2.28-251.el8_10.14.x86_64/elf/dl-version.c
fn=_dl_check_all_versions
362 6 1 1 0 0 0 4 1 0
364 2 0 0 0 0 0 0 0 0
366 17 0 0 4 3 0 0 0 0
368 40 1 1 4 3 0 4 0 0
371 7 0 0 5 1 0 0 0 0
fn=_dl_check_map_versions
37 24 0 0 4 0 0 0 0 0
38 5 0 0 5 0 0 0 0 0
39 35 1 1 0 0 0 7 2 0
57 8 0 0 8 2 0 0 0 0
65 12 0 0 4 1 0 0 0 0
71 12 1 1 4 2 0 0 0 0
87 4 0 0 4 1 0 0 0 0
88 8 0 0 0 0 0 0 0 0
90 4 0 0 4 0 0 0 0 0
95 80 0 0 30 8 7 4 0 0
109 60 0 0 30 4 4 0 0 0
111 4 1 1 4 0 0 0 0 0
114 34 1 1 10 0 0 4 2 0
121 78 1 1 26 3 3 0 0 0
125 26 0 0 0 0 0 0 0 0
143 10 1 1 0 0 0 6 0 0
156 32 1 1 0 0 0 24 1 0
157 4 0 0 0 0 0 4 0 0
165 4 1 1 0 0 0 0 0 0
171 12 0 0 4 3 0 0 0 0
173 12 0 0 4 4 0 8 2 0
175 8 0 0 4 2 0 4 0 0
176 16 1 1 4 4 0 8 1 0
178 8 0 0 0 0 0 0 0 0
181 6 1 1 4 2 0 2 0 0
185 10 0 0 2 2 2 0 0 0
201 6 0 0 6 0 0 0 0 0
209 6 0 0 2 0 0 0 0 0
210 2 1 1 0 0 0 0 0 0
214 6 0 0 4 1 0 0 0 0
218 46 1 1 32 4 0 4 0 0
220 4 0 0 4 0 0 0 0 0
222 10 0 0 4 1 1 4 0 0
225 16 1 1 4 1 0 0 0 0
228 12 0 0 4 0 0 0 0 0
233 2 0 0 0 0 0 0 0 0
237 8 0 0 4 1 0 0 0 0
251 13 0 0 4 0 0 0 0 0
254 8 0 0 6 2 0 0 0 0
257 140 0 0 35 7 3 0 0 0
260 105 0 0 35 7 2 0 0 0
264 33 0 0 0 0 0 0 0 0
268 6 1 1 0 0 0 0 0 0
273 3 0 0 0 0 0 3 3 0
274 6 0 0 0 0 0 0 0 0
275 6 0 0 0 0 0 0 0 0
285 3 0 0 0 0 0 3 1 0
288 9 1 1 6 4 0 3 3 0
290 9 0 0 3 0 0 0 0 0
293 6 0 0 6 0 0 0 0 0
297 6 0 0 2 0 0 0 0 0
300 12 0 0 4 0 0 0 0 0
302 12 1 1 0 0 0 0 0 0
304 20 0 0 4 0 0 4 0 0
305 12 0 0 0 0 0 4 3 3
306 12 0 0 4 0 0 4 0 0
307 12 0 0 4 0 0 4 0 0
310 12 0 0 4 0 0 0 0 0
315 2 0 0 0 0 0 0 0 0
318 6 1 1 2 0 0 0 0 0
328 9 1 1 3 0 0 0 0 0
331 8 1 1 6 0 0 0 0 0
335 33 0 0 33 0 0 0 0 0
337 70 0 0 35 0 0 0 0 0
341 33 0 0 33 0 0 0 0 0
342 165 0 0 33 0 0 33 10 10
343 99 0 0 33 1 0 33 0 0
344 33 0 0 0 0 0 33 4 4
347 107 0 0 35 0 0 0 0 0
351 33 0 0 0 0 0 0 0 0
357 36 0 0 32 1 0 0 0 0
fl=/usr/src/debug/glibc-2.28-251.el8_10.14.x86_64/elf/do-rel.h
fn=_dl_relocate_object
48 8 0 0 0 0 0 0 0 0
49 16 0 0 0 0 0 8 0 0
50 8 0 0 8 5 0 0 0 0
52 4 0 0 0 0 0 3 0 0
53 6 0 0 0 0 0 5 1 0
60 16 0 0 0 0 0 0 0 0
63 47 1 1 1 0 0 0 0 0
65 52 1 1 13 5 5 0 0 0
76 2 0 0 0 0 0 0 0 0
77 2 0 0 0 0 0 0 0 0
85 14 1 1 7 3 0 7 0 0
86 7 1 1 7 2 0 0 0 0
88 28 0 0 14 0 0 0 0 0
100 21 0 0 0 0 0 0 0 0
110 12 0 0 1 1 1 0 0 0
113 3660 1 1 0 0 0 0 0 0
114 2432 0 0 1216 154 153 0 0 0
120 21 1 1 7 7 0 0 0 0
123 10 0 0 5 4 0 5 1 0
126 466 1 1 157 0 0 0 0 0
128 760 0 0 456 115 82 0 0 0
129 608 1 1 152 0 0 152 0 0
130 456 0 0 304 1 0 152 0 0
131 608 1 1 152 34 0 0 0 0
133 456 0 0 0 0 0 0 0 0
135 164 1 1 41 0 0 41 0 0
138 82 0 0 0 0 0 41 0 0
142 111 0 0 0 0 0 111 0 0
145 222 0 0 0 0 0 0 0 0
146 51 1 1 17 17 0 0 0 0
158 15 1 1 6 0 0 0 0 0
159 172 1 1 2 0 0 0 0 0
160 162 1 1 54 4 0 0 0 0
163 123 0 0 82 0 0 0 0 0
164 123 0 0 41 0 0 41 0 0
165 41 0 0 0 0 0 0 0 0
166 41 0 0 41 1 0 0 0 0
167 82 0 0 41 1 0 0 0 0
175 29 0 0 10 0 0 2 0 0
177 42 1 1 12 2 2 6 0 0
178 12 0 0 12 0 0 0 0 0
180 18 0 0 0 0 0 0 0 0
188 6 0 0 0 0 0 6 0 0
191 12 0 0 0 0 0 0 0 0
205 2 1 1 0 0 0 0 0 0
fn=_dl_start
85 1 0 0 1 0 0 0 0 0
86 1 0 0 1 0 0 0 0 0
113 153 1 1 0 0 0 0 0 0
114 100 0 0 50 8 8 0 0 0
118 2 0 0 1 1 0 0 0 0
126 21 0 0 0 0 0 0 0 0
128 18 0 0 6 2 2 0 0 0
129 12 0 0 0 0 0 0 0 0
130 12 0 0 6 0 0 0 0 0
fl=/usr/src/debug/glibc-2.28-251.el8_10.14.x86_64/elf/get-dynamic-info.h
fn=_dl_map_object_from_fd
42 2 0 0 0 0 0 0 0 0
46 2 0 0 0 0 0 0 0 0
48 138 0 0 46 13 13 0 0 0
50 88 0 0 0 0 0 0 0 0
63 46 1 1 0 0 0 0 0 0
64 73 0 0 0 0 0 42 12 11
65 8 0 0 0 0 0 0 0 0
67 2 0 0 0 0 0 0 0 0
68 10 0 0 0 0 0 0 0 0
70 2 1 1 0 0 0 0 0 0
71 8 1 1 0 0 0 0 0 0
72 2 0 0 0 0 0 0 0 0
73 8 1 1 0 0 0 2 1 0
74 44 0 0 0 0 0 0 0 0
81 4 2 2 0 0 0 0 0 0
101 8 0 0 4 0 0 0 0 0
102 8 0 0 4 0 0 0 0 0
103 8 0 0 4 0 0 0 0 0
104 8 0 0 4 0 0 0 0 0
106 8 1 1 4 0 0 0 0 0
111 7 0 0 3 0 0 0 0 0
112 7 0 0 3 1 1 0 0 0
113 8 0 0 4 0 0 0 0 0
118 6 0 0 2 0 0 0 0 0
123 2 0 0 1 0 0 0 0 0
130 4 1 1 2 0 0 0 0 0
131 6 0 0 4 0 0 0 0 0
149 6 0 0 2 0 0 0 0 0
154 2 0 0 1 0 0 1 1 0
156 2 0 0 0 0 0 0 0 0
158 2 0 0 0 0 0 0 0 0
160 2 0 0 0 0 0 0 0 0
161 1 0 0 0 0 0 1 0 0
163 6 1 1 2 0 0 0 0 0
165 6 0 0 2 0 0 2 1 0
166 4 0 0 0 0 0 0 0 0
175 6 1 1 4 1 0 0 0 0
176 6 1 1 0 0 0 0 0 0
180 4 0 0 0 0 0 0 0 0
181 2 0 0 1 0 0 1 0 0
183 4 0 0 2 0 0 0 0 0
fn=_dl_start
48 63 0 0 21 6 6 0 0 0
50 40 1 1 0 0 0 0 0 0
63 25 0 0 0 0 0 0 0 0
64 34 0 0 0 0 0 19 7 7
65 4 0 0 0 0 0 0 0 0
67 2 0 0 0 0 0 0 0 0
68 5 1 1 0 0 0 0 0 0
70 3 1 1 0 0 0 0 0 0
71 5 1 1 0 0 0 0 0 0
72 1 0 0 0 0 0 0 0 0
73 5 0 0 0 0 0 1 1 1
74 20 0 0 0 0 0 0 0 0
81 2 0 0 0 0 0 0 0 0
101 4 1 1 2 0 0 0 0 0
102 4 0 0 2 0 0 0 0 0
103 4 0 0 2 0 0 0 0 0
104 4 0 0 2 0 0 0 0 0
106 4 1 1 2 0 0 0 0 0
111 4 0 0 2 0 0 0 0 0
112 4 0 0 2 0 0 0 0 0
113 4 0 0 2 0 0 0 0 0
118 3 1 1 1 0 0 0 0 0
123 2 0 0 1 0 0 0 0 0
130 3 0 0 1 0 0 0 0 0
131 3 0 0 2 0 0 0 0 0
139 5 1 1 2 0 0 0 0 0
142 3 0 0 1 0 0 0 0 0
146 2 0 0 1 0 0 0 0 0
147 2 0 0 1 0 0 0 0 0
fn=dl_main
33 1 0 0 1 0 0 0 0 0
42 2 0 0 0 0 0 0 0 0
46 1 0 0 0 0 0 0 0 0
48 75 0 0 25 7 7 0 0 0
50 48 0 0 0 0 0 0 0 0
63 17 1 1 0 0 0 0 0 0
64 34 0 0 0 0 0 23 6 6
65 4 0 0 0 0 0 0 0 0
67 1 0 0 0 0 0 0 0 0
68 5 2 2 0 0 0 0 0 0
70 1 0 0 0 0 0 0 0 0
71 5 0 0 0 0 0 0 0 0
72 1 0 0 0 0 0 0 0 0
73 4 1 1 0 0 0 1 0 0
74 24 0 0 0 0 0 0 0 0
81 3 0 0 1 0 0 0 0 0
118 3 1 1 1 0 0 0 0 0
123 2 0 0 1 0 0 0 0 0
130 2 1 1 1 0 0 0 0 0
131 3 0 0 2 0 0 0 0 0
149 3 0 0 1 0 0 0 0 0
163 3 1 1 1 0 0 0 0 0
183 2 1 1 1 0 0 0 0 0
fl=/usr/src/debug/glibc-2.28-251.el8_10.14.x86_64/elf/rtld.c
fn=_dl_start
71 8 0 0 0 0 0 2 2 1
471 2 0 0 0 0 0 1 0 0
472 2 1 1 0 0 0 1 0 0
473 2 0 0 0 0 0 1 1 1
474 2 0 0 0 0 0 1 0 0
475 2 0 0 0 0 0 1 0 0
484 1 0 0 0 0 0 1 0 0
490 4 1 0 0 0 0 1 0 0
492 2 0 0 1 0 0 0 0 0
504 10 1 1 0 0 0 6 1 1
545 1 0 0 0 0 0 1 0 0
548 1 1 1 0 0 0 1 1 1
559 2 1 1 0 0 0 0 0 0
564 25 2 2 9 0 0 0 0 0
566 1 0 0 1 1 1 0 0 0
579 1 0 0 0 0 0 1 1 1
594 9 0 0 7 2 0 0 0 0
fn=dl_main
71 16 1 1 0 0 0 0 0 0
78 13 1 1 0 0 0 0 0 0
79 2 0 0 0 0 0 1 0 0
87 7 1 1 3 3 0 0 0 0
192 1 0 0 0 0 0 1 0 0
193 1 0 0 0 0 0 1 0 0
194 1 0 0 0 0 0 1 1 1
219 2 1 1 2 1 1 0 0 0
220 2 0 0 2 2 0 0 0 0
221 4 0 0 0 0 0 0 0 0
291 1 0 0 0 0 0 1 0 0
292 1 0 0 0 0 0 1 0 0
293 1 1 1 0 0 0 1 0 0
294 1 0 0 0 0 0 1 0 0
295 1 0 0 0 0 0 1 0 0
296 1 0 0 0 0 0 1 0 0
297 1 0 0 0 0 0 1 0 0
298 2 0 0 0 0 0 1 0 0
866 1 0 0 1 0 0 0 0 0
868 1 0 0 0 0 0 1 0 0
877 1 0 0 0 0 0 1 0 0
879 1 0 0 0 0 0 1 1 0
884 1 0 0 0 0 0 1 0 0
1193 14 2 2 0 0 0 8 1 1
1198 1 0 0 0 0 0 1 0 0
1201 1 0 0 0 0 0 1 0 0
1207 2 0 0 0 0 0 1 1 1
1211 2 0 0 0 0 0 1 1 1
1212 2 0 0 0 0 0 1 0 0
1217 2 1 1 0 0 0 1 0 0
1223 1 0 0 0 0 0 1 1 0
1225 4 1 1 2 2 0 1 0 0
1226 4 0 0 2 1 0 0 0 0
1493 8 2 2 0 0 0 1 0 0
1495 2 0 0 0 0 0 0 0 0
1496 1 0 0 0 0 0 1 1 1
1497 2 0 0 1 0 0 1 0 0
1498 3 1 1 2 0 0 1 0 0
1502 3 0 0 0 0 0 1 0 0
1503 2 0 0 1 0 0 0 0 0
1524 1 0 0 0 0 0 1 0 0
1525 1 1 1 0 0 0 1 0 0
1527 2 0 0 0 0 0 1 0 0
1529 1 0 0 1 0 0 0 0 0
1532 39 0 0 1 0 0 0 0 0
1533 92 2 2 11 4 4 0 0 0
1537 3 0 0 2 0 0 1 0 0
1538 1 0 0 0 0 0 0 0 0
1542 3 1 1 2 0 0 1 0 0
1543 1 0 0 0 0 0 0 0 0
1551 2 0 0 0 0 0 1 1 0
1552 2 0 0 2 1 1 0 0 0
1554 1 0 0 0 0 0 1 1 0
1561 3 1 1 1 1 0 0 0 0
1573 1 1 1 0 0 0 1 0 0
1579 2 1 1 0 0 0 1 0 0
1587 8 1 1 4 0 0 0 0 0
1588 17 0 0 9 1 1 1 0 0
1589 8 0 0 4 0 0 0 0 0
1590 1 0 0 0 0 0 1 0 0
1593 8 0 0 4 3 3 0 0 0
1594 8 0 0 4 0 0 0 0 0
1595 4 0 0 0 0 0 4 0 0
1596 10 0 0 5 0 0 0 0 0
1597 2 0 0 0 0 0 1 0 0
1624 2 0 0 1 0 0 1 0 0
1628 2 0 0 1 1 1 1 0 0
1629 2 0 0 1 0 0 1 0 0
1630 1 0 0 0 0 0 0 0 0
1641 5 1 1 3 1 1 0 0 0
1644 2 0 0 0 0 0 0 0 0
1646 2 0 0 0 0 0 0 0 0
1648 2 1 1 1 0 0 0 0 0
1661 3 0 0 1 1 0 0 0 0
1662 6 0 0 2 0 0 1 0 0
1664 3 0 0 3 2 0 0 0 0
1667 1 0 0 0 0 0 1 0 0
1669 1 1 1 0 0 0 1 1 1
1670 1 0 0 0 0 0 1 0 0
1672 2 0 0 1 0 0 0 0 0
1673 2 0 0 0 0 0 1 0 0
1677 2 0 0 1 1 0 0 0 0
1679 2 1 1 1 0 0 0 0 0
1687 3 0 0 1 0 0 0 0 0
1694 2 1 1 0 0 0 1 0 0
1697 2 0 0 1 1 0 0 0 0
1713 4 2 2 0 0 0 1 0 0
1719 9 2 2 1 0 0 2 0 0
1727 4 1 1 1 1 0 2 0 0
1729 1 0 0 0 0 0 1 0 0
1734 2 0 0 1 0 0 0 0 0
1737 4 1 1 2 2 0 1 0 0
1738 4 0 0 1 1 0 1 0 0
1739 2 1 1 0 0 0 1 1 0
1740 1 0 0 0 0 0 1 0 0
1741 1 0 0 1 0 0 0 0 0
1742 1 0 0 1 1 0 0 0 0
1747 2 0 0 1 1 0 0 0 0
1748 5 0 0 1 0 0 1 0 0
1765 2 1 1 1 1 1 0 0 0
1766 2 0 0 1 0 0 0 0 0
1768 2 0 0 1 0 0 0 0 0
1770 1 0 0 0 0 0 1 1 0
1771 3 0 0 1 0 0 1 1 1
1776 5 1 1 0 0 0 0 0 0
1777 5 0 0 1 1 1 0 0 0
1779 2 0 0 1 0 0 1 0 0
1780 2 0 0 1 0 0 1 1 1
1785 2 0 0 1 1 1 0 0 0
1794 2 1 1 1 1 0 0 0 0
1798 2 0 0 0 0 0 0 0 0
1799 2 0 0 1 1 0 0 0 0
1823 2 1 1 0 0 0 2 0 0
1831 3 0 0 1 1 0 0 0 0
1834 2 0 0 1 0 0 1 1 0
1838 3 0 0 1 1 0 0 0 0
1843 2 1 1 1 0 0 1 1 0
1844 1 0 0 0 0 0 1 0 0
1845 1 0 0 0 0 0 0 0 0
1849 3 0 0 0 0 0 1 0 0
1854 3 0 0 2 0 0 0 0 0
1856 1 0 0 0 0 0 0 0 0
1858 2 0 0 1 0 0 0 0 0
1862 5 0 0 1 0 0 1 0 0
1867 2 1 1 1 1 0 0 0 0
1883 5 0 0 0 0 0 1 0 0
1959 4 0 0 2 0 0 0 0 0
1963 19 3 3 1 0 0 0 0 0
1964 2 0 0 0 0 0 0 0 0
1967 3 1 1 0 0 0 1 0 0
1968 1 0 0 1 0 0 0 0 0
1969 2 0 0 0 0 0 0 0 0
1970 2 0 0 0 0 0 0 0 0
1975 3 1 1 1 1 0 0 0 0
1985 8 0 0 1 0 0 1 0 0
1991 15 0 0 1 0 0 0 0 0
1992 15 0 0 9 0 0 0 0 0
1995 4 1 1 3 2 0 1 0 0
1996 3 0 0 1 0 0 0 0 0
1997 1 0 0 0 0 0 1 1 0
1999 10 1 1 0 0 0 0 0 0
2000 13 0 0 4 0 0 0 0 0
2010 2 1 1 0 0 0 1 1 0
2012 2 0 0 1 0 0 1 0 0
2013 2 0 0 0 0 0 0 0 0
2015 2 0 0 0 0 0 1 0 0
2017 3 0 0 0 0 0 0 0 0
2019 3 0 0 1 1 0 0 0 0
2020 1 0 0 1 0 0 0 0 0
2021 2 0 0 0 0 0 0 0 0
2033 2 1 1 0 0 0 0 0 0
2034 2 0 0 0 0 0 1 0 0
2035 3 0 0 1 0 0 0 0 0
2038 2 1 1 1 0 0 0 0 0
2046 4 0 0 0 0 0 1 1 0
2047 4 0 0 0 0 0 1 0 0
2048 5 1 1 0 0 0 1 0 0
2058 2 0 0 1 1 0 1 1 0
2059 2 0 0 1 1 0 0 0 0
2060 4 1 1 0 0 0 2 1 0
2062 2 1 1 0 0 0 0 0 0
2067 3 1 1 1 1 0 0 0 0
2297 3 0 0 1 1 0 0 0 0
2353 1 0 0 0 0 0 1 1 0
2357 2 0 0 1 1 0 1 0 0
2361 2 1 1 1 1 0 1 0 0
2364 2 0 0 0 0 0 0 0 0
2372 1 0 0 1 0 0 0 0 0
2423 3 0 0 1 0 0 0 0 0
2426 3 0 0 1 1 0 1 0 0
2428 3 1 1 1 1 0 0 0 0
2429 6 0 0 1 1 0 1 0 0
2435 1 0 0 1 1 0 0 0 0
2436 16 0 0 0 0 0 0 0 0
2438 12 1 1 8 5 0 0 0 0
2443 8 0 0 8 7 0 0 0 0
2445 10 0 0 0 0 0 0 0 0
2447 1 1 1 0 0 0 1 1 0
2448 1 1 1 1 0 0 0 0 0
2451 4 0 0 4 3 0 0 0 0
2453 12 0 0 0 0 0 0 0 0
2454 24 0 0 6 4 0 3 0 0
2458 10 1 1 5 1 0 0 0 0
2459 3 0 0 0 0 0 1 0 0
2467 2 0 0 1 0 0 0 0 0
2472 4 0 0 2 2 0 0 0 0
2474 1 1 1 1 1 0 0 0 0
2481 4 0 0 1 1 0 1 0 0
2484 2 0 0 1 0 0 0 0 0
2493 3 1 1 2 2 0 0 0 0
2495 4 0 0 1 0 0 0 0 0
2507 2 0 0 0 0 0 1 0 0
2513 1 0 0 1 1 0 0 0 0
2514 5 1 1 1 0 0 1 0 0
2522 3 0 0 1 1 0 1 0 0
2529 1 0 0 0 0 0 1 0 0
2533 3 0 0 0 0 0 1 0 0
2538 4 0 0 0 0 0 1 0 0
2539 1 0 0 0 0 0 1 0 0
2540 1 0 0 0 0 0 1 0 0
2541 1 0 0 0 0 0 0 0 0
2545 1 0 0 0 0 0 1 0 0
2550 8 0 0 7 1 0 0 0 0
2683 2 0 0 1 1 0 1 1 1
2685 1 0 0 0 0 0 0 0 0
2691 8 1 1 1 0 0 2 1 1
2693 12 1 1 3 1 0 3 1 1
2695 2 0 0 0 0 0 0 0 0
2697 107 0 0 21 2 0 0 0 0
2698 19 0 0 0 0 0 0 0 0
2700 4 0 0 0 0 0 0 0 0
2706 14 1 1 2 2 1 1 0 0
2718 3 0 0 0 0 0 1 0 0
2727 2 1 1 1 0 0 0 0 0
2734 6 1 1 3 0 0 0 0 0
2736 2 0 0 0 0 0 1 1 0
2737 1 0 0 0 0 0 0 0 0
2782 3 1 1 1 0 0 0 0 0
2783 5 1 1 2 0 0 0 0 0
2785 2 0 0 0 0 0 1 0 0
2786 2 0 0 0 0 0 1 0 0
2787 1 0 0 0 0 0 0 0 0
2853 3 0 0 1 1 0 0 0 0
2885 2 0 0 0 0 0 0 0 0
fn=do_preload
817 6 1 1 0 0 0 3 0 0
819 1 0 0 0 0 0 1 0 0
823 1 0 0 0 0 0 1 0 0
824 1 0 0 0 0 0 1 0 0
825 1 0 0 0 0 0 1 0 0
827 1 0 0 1 0 0 0 0 0
829 6 1 1 0 0 0 1 0 0
830 3 0 0 1 0 0 0 0 0
838 3 0 0 1 0 0 0 0 0
844 5 0 0 4 0 0 0 0 0
fn=dso_name_valid_for_suid
177 4 1 1 0 0 0 2 0 0
178 3 1 1 1 1 0 0 0 0
186 2 0 0 1 0 0 0 0 0
187 5 0 0 3 0 0 0 0 0
fn=handle_preload_list
898 15 1 1 1 1 1 6 0 0
899 1 0 0 0 0 0 0 0 0
903 4 1 1 2 2 0 0 0 0
906 4 0 0 0 0 0 1 0 0
907 3 0 0 0 0 0 0 0 0
909 4 1 1 0 0 0 1 0 0
910 2 0 0 0 0 0 1 0 0
916 1 0 0 0 0 0 0 0 0
918 2 0 0 1 0 0 0 0 0
920 4 0 0 0 0 0 1 0 0
921 5 0 0 0 0 0 1 0 0
924 9 0 0 7 2 0 0 0 0
fn=init_tls
743 3 1 1 0 0 0 2 0 0
745 2 0 0 1 1 0 1 0 0
749 3 0 0 1 1 1 0 0 0
755 2 0 0 0 0 0 1 0 0
758 1 0 0 0 0 0 1 0 0
759 2 0 0 0 0 0 0 0 0
764 1 0 0 0 0 0 0 0 0
766 1 0 0 0 0 0 1 0 0
770 2 1 1 1 1 1 0 0 0
771 3 0 0 0 0 0 0 0 0
772 11 0 0 1 1 0 0 0 0
773 4 0 0 4 3 0 0 0 0
774 12 1 1 4 4 0 0 0 0
778 2 0 0 0 0 0 1 0 0
780 3 0 0 0 0 0 0 0 0
782 2 0 0 1 0 0 0 0 0
785 2 0 0 0 0 0 1 0 0
788 1 0 0 0 0 0 1 0 0
795 2 1 1 0 0 0 1 0 0
796 2 0 0 0 0 0 0 0 0
800 1 0 0 0 0 0 1 0 0
804 2 0 0 1 0 0 1 0 0
807 8 0 0 0 0 0 2 0 0
810 1 0 0 0 0 0 1 1 0
813 5 1 1 3 0 0 0 0 0
fn=map_doit
650 3 1 1 0 0 0 1 0 0
652 4 0 0 1 0 0 0 0 0
653 6 1 1 2 0 0 2 2 1
655 2 0 0 2 1 0 0 0 0
fn=rtld_lock_default_lock_recursive
850 6 4 2 0 0 0 0 0 0
851 6 0 0 6 5 1 0 0 0
852 6 0 0 6 0 0 0 0 0
fn=rtld_lock_default_unlock_recursive
856 6 2 1 0 0 0 0 0 0
857 6 0 0 6 1 0 0 0 0
858 6 0 0 6 0 0 0 0 0
fn=version_check_doit
683 3 1 1 0 0 0 1 0 0
685 6 0 0 2 0 0 1 0 0
689 2 0 0 2 0 0 0 0 0
fl=/usr/src/debug/glibc-2.28-251.el8_10.14.x86_64/elf/setup-vdso.h
fn=dl_main
24 2 0 0 1 1 0 0 0 0
fl=/usr/src/debug/glibc-2.28-251.el8_10.14.x86_64/io/../sysdeps/unix/sysv/linux/access.c
fn=access
25 1 1 1 0 0 0 0 0 0
27 7 0 0 0 0 0 1 1 0
31 1 0 0 1 0 0 0 0 0
fl=/usr/src/debug/glibc-2.28-251.el8_10.14.x86_64/io/../sysdeps/unix/sysv/linux/close_nocancel.c
fn=__GI___close_nocancel
25 3 1 1 0 0 0 0 0 0
26 12 0 0 0 0 0 0 0 0
27 3 0 0 3 0 0 0 0 0
fl=/usr/src/debug/glibc-2.28-251.el8_10.14.x86_64/io/../sysdeps/unix/sysv/linux/lseek64.c
fn=lseek
28 1 0 0 0 0 0 0 0 0
36 4 0 0 0 0 0 0 0 0
38 1 0 0 1 0 0 0 0 0
fl=/usr/src/debug/glibc-2.28-251.el8_10.14.x86_64/io/../sysdeps/unix/sysv/linux/open64_nocancel.c
fn=__open_nocancel
34 386 1 1 0 0 0 193 0 0
37 1351 1 1 0 0 0 0 0 0
45 1921 1 1 0 0 0 190 1 0
47 193 0 0 193 0 0 0 0 0
fl=/usr/src/debug/glibc-2.28-251.el8_10.14.x86_64/io/../sysdeps/unix/sysv/linux/read_nocancel.c
fn=__read_nocancel
25 3 1 1 0 0 0 0 0 0
26 12 0 0 0 0 0 0 0 0
27 3 0 0 3 0 0 0 0 0
fl=/usr/src/debug/glibc-2.28-251.el8_10.14.x86_64/io/../sysdeps/unix/sysv/linux/wordsize-64/fxstat.c
fn=_fxstat
33 6 1 1 0 0 0 0 0 0
34 6 0 0 0 0 0 0 0 0
35 18 1 1 0 0 0 0 0 0
39 3 0 0 3 0 0 0 0 0
fl=/usr/src/debug/glibc-2.28-251.el8_10.14.x86_64/io/../sysdeps/unix/sysv/linux/wordsize-64/xstat.c
fn=_xstat
33 360 1 1 0 0 0 0 0 0
34 360 0 0 0 0 0 0 0 0
35 1732 0 0 163 0 0 163 0 0
39 17 0 0 17 0 0 0 0 0
fl=/usr/src/debug/glibc-2.28-251.el8_10.14.x86_64/malloc/scratch_buffer_set_array_size.c
fn=__libc_scratch_buffer_set_array_size
30 10 1 1 0 0 0 6 0 0
31 4 0 0 0 0 0 0 0 0
34 4 0 0 0 0 0 0 0 0
35 4 0 0 0 0 0 0 0 0
45 4 0 0 2 0 0 0 0 0
46 2 0 0 0 0 0 0 0 0
63 8 1 1 8 0 0 0 0 0
fl=/usr/src/debug/glibc-2.28-251.el8_10.14.x86_64/misc/../sysdeps/unix/syscall-template.S
fn=mprotect
78 25 2 1 0 0 0 0 0 0
79 5 0 0 5 0 0 0 0 0
fn=munmap
78 5 1 1 0 0 0 0 0 0
79 1 0 0 1 0 0 0 0 0
fl=/usr/src/debug/glibc-2.28-251.el8_10.14.x86_64/misc/../sysdeps/unix/sysv/linux/mmap64.c
fn=mmap
41 130 2 2 0 0 0 60 0 0
44 20 0 0 0 0 0 0 0 0
47 42 1 1 1 1 0 0 0 0
52 100 0 0 0 0 0 0 0 0
54 70 0 0 70 0 0 0 0 0
fl=/usr/src/debug/glibc-2.28-251.el8_10.14.x86_64/posix/../sysdeps/unix/syscall-template.S
fn=uname
78 5 1 1 0 0 0 0 0 0
79 1 0 0 1 0 0 0 0 0
fl=/usr/src/debug/glibc-2.28-251.el8_10.14.x86_64/setjmp/../sysdeps/x86_64/setjmp.S
fn=__sigsetjmp
30 3 1 1 0 0 0 0 0 0
32 3 0 0 0 0 0 3 0 0
41 3 0 0 0 0 0 0 0 0
42 6 0 0 3 2 0 0 0 0
43 3 0 0 0 0 0 3 0 0
47 3 0 0 0 0 0 3 1 1
48 3 0 0 0 0 0 3 0 0
49 3 0 0 0 0 0 3 0 0
50 3 0 0 0 0 0 3 0 0
51 3 0 0 0 0 0 0 0 0
53 6 1 1 3 0 0 0 0 0
55 3 0 0 0 0 0 3 2 1
56 3 0 0 3 0 0 0 0 0
57 3 0 0 0 0 0 0 0 0
59 6 0 0 3 0 0 0 0 0
61 3 0 0 0 0 0 3 0 0
69 3 0 0 0 0 0 0 0 0
72 3 0 0 0 0 0 0 0 0
73 3 0 0 0 0 0 3 1 1
80 3 0 0 0 0 0 0 0 0
81 3 0 0 3 0 0 0 0 0
fl=/usr/src/debug/glibc-2.28-251.el8_10.14.x86_64/string/../include/rtld-malloc.h
fn=strdup
56 60 0 0 20 2 0 20 0 0
fl=/usr/src/debug/glibc-2.28-251.el8_10.14.x86_64/string/../string/strcspn.c
fn=strcspn
32 4 1 1 0 0 0 1 0 0
33 5 0 0 2 1 1 0 0 0
39 6 0 0 0 0 0 4 1 1
40 4 1 1 0 0 0 4 1 1
41 4 0 0 0 0 0 4 1 1
42 4 1 1 0 0 0 4 1 1
44 1 0 0 0 0 0 0 0 0
47 9 0 0 3 0 0 3 0 0
48 6 0 0 0 0 0 0 0 0
51 4 0 0 2 0 0 0 0 0
52 4 0 0 2 0 0 0 0 0
53 4 1 1 2 0 0 0 0 0
54 4 0 0 2 0 0 0 0 0
56 3 0 0 0 0 0 0 0 0
61 18 0 0 0 0 0 0 0 0
62 36 0 0 36 1 1 0 0 0
63 18 0 0 18 0 0 0 0 0
64 36 0 0 36 0 0 0 0 0
65 18 0 0 18 0 0 0 0 0
67 126 1 1 36 0 0 0 0 0
69 1 0 0 0 0 0 0 0 0
70 4 0 0 0 0 0 0 0 0
71 3 0 0 2 0 0 0 0 0
fl=/usr/src/debug/glibc-2.28-251.el8_10.14.x86_64/string/../sysdeps/x86_64/memcmp.S
fn=bcmp
23 7 1 1 0 0 0 0 0 0
28 7 0 0 0 0 0 0 0 0
29 7 0 0 0 0 0 0 0 0
30 7 0 0 0 0 0 0 0 0
31 7 0 0 0 0 0 0 0 0
32 7 0 0 0 0 0 0 0 0
33 7 0 0 0 0 0 0 0 0
34 7 1 1 0 0 0 0 0 0
35 7 0 0 0 0 0 0 0 0
38 1 0 0 0 0 0 0 0 0
39 1 0 0 0 0 0 0 0 0
40 1 0 0 1 0 0 0 0 0
41 1 0 0 1 0 0 0 0 0
42 1 0 0 0 0 0 0 0 0
43 1 0 0 0 0 0 0 0 0
44 1 0 0 0 0 0 0 0 0
45 1 0 0 0 0 0 0 0 0
46 1 0 0 0 0 0 0 0 0
48 1 0 0 0 0 0 0 0 0
49 1 0 0 0 0 0 0 0 0
58 1 1 1 0 0 0 0 0 0
59 1 0 0 0 0 0 0 0 0
68 1 0 0 0 0 0 0 0 0
69 1 0 0 0 0 0 0 0 0
70 1 0 0 1 0 0 0 0 0
71 1 0 0 1 0 0 0 0 0
72 1 0 0 0 0 0 0 0 0
73 1 0 0 0 0 0 0 0 0
74 1 1 1 0 0 0 0 0 0
75 1 0 0 0 0 0 0 0 0
76 1 0 0 0 0 0 0 0 0
96 6 0 0 0 0 0 0 0 0
98 6 0 0 6 0 0 0 0 0
102 1 0 0 0 0 0 0 0 0
103 1 0 0 0 0 0 0 0 0
104 1 1 1 0 0 0 0 0 0
105 1 0 0 0 0 0 0 0 0
106 1 0 0 0 0 0 0 0 0
107 1 0 0 0 0 0 0 0 0
108 1 0 0 0 0 0 0 0 0
109 1 0 0 0 0 0 0 0 0
110 1 0 0 0 0 0 0 0 0
111 1 0 0 0 0 0 0 0 0
112 1 0 0 0 0 0 0 0 0
113 1 0 0 0 0 0 0 0 0
114 1 0 0 1 0 0 0 0 0
132 6 0 0 0 0 0 0 0 0
133 6 0 0 0 0 0 0 0 0
134 6 0 0 0 0 0 0 0 0
136 6 0 0 0 0 0 0 0 0
137 6 0 0 0 0 0 0 0 0
149 6 1 1 0 0 0 0 0 0
150 6 0 0 0 0 0 0 0 0
220 1 1 1 0 0 0 0 0 0
221 1 0 0 0 0 0 0 0 0
222 1 0 0 0 0 0 0 0 0
223 1 0 0 0 0 0 0 0 0
226 1 0 0 1 0 0 0 0 0
227 1 0 0 1 0 0 0 0 0
228 1 0 0 0 0 0 0 0 0
229 1 0 0 0 0 0 0 0 0
230 1 0 0 0 0 0 0 0 0
231 1 0 0 0 0 0 0 0 0
233 1 0 0 1 0 0 0 0 0
234 1 0 0 1 0 0 0 0 0
235 1 0 0 0 0 0 0 0 0
236 1 0 0 0 0 0 0 0 0
237 1 0 0 0 0 0 0 0 0
250 6 1 1 0 0 0 0 0 0
251 6 0 0 6 0 0 0 0 0
252 6 0 0 0 0 0 0 0 0
253 6 0 0 6 0 0 0 0 0
254 6 0 0 0 0 0 0 0 0
258 6 1 1 0 0 0 0 0 0
259 6 0 0 0 0 0 0 0 0
260 6 0 0 0 0 0 0 0 0
261 6 0 0 0 0 0 0 0 0
262 6 0 0 0 0 0 0 0 0
263 6 0 0 0 0 0 0 0 0
265 4 0 0 4 0 0 0 0 0
266 4 0 0 4 0 0 0 0 0
267 4 0 0 0 0 0 0 0 0
268 4 0 0 0 0 0 0 0 0
269 4 0 0 0 0 0 0 0 0
270 4 0 0 0 0 0 0 0 0
271 4 0 0 0 0 0 0 0 0
272 4 0 0 0 0 0 0 0 0
275 6 0 0 0 0 0 0 0 0
276 6 0 0 0 0 0 0 0 0
277 6 1 1 0 0 0 0 0 0
278 6 0 0 0 0 0 0 0 0
280 2 0 0 2 1 0 0 0 0
281 2 0 0 2 0 0 0 0 0
282 2 0 0 0 0 0 0 0 0
283 2 0 0 0 0 0 0 0 0
284 2 0 0 0 0 0 0 0 0
285 2 0 0 0 0 0 0 0 0
287 2 0 0 2 0 0 0 0 0
288 2 0 0 2 0 0 0 0 0
289 2 0 0 0 0 0 0 0 0
290 2 0 0 0 0 0 0 0 0
291 2 0 0 0 0 0 0 0 0
295 4 0 0 0 0 0 0 0 0
296 4 1 1 0 0 0 0 0 0
299 3 0 0 3 0 0 0 0 0
300 3 0 0 3 0 0 0 0 0
301 3 0 0 0 0 0 0 0 0
302 3 0 0 0 0 0 0 0 0
303 3 0 0 0 0 0 0 0 0
304 3 0 0 0 0 0 0 0 0
306 3 0 0 3 0 0 0 0 0
307 3 0 0 3 0 0 0 0 0
308 3 0 0 0 0 0 0 0 0
309 3 0 0 0 0 0 0 0 0
310 3 0 0 0 0 0 0 0 0
311 3 0 0 0 0 0 0 0 0
313 3 1 1 3 0 0 0 0 0
314 3 0 0 3 0 0 0 0 0
315 3 0 0 0 0 0 0 0 0
316 3 0 0 0 0 0 0 0 0
317 3 0 0 0 0 0 0 0 0
318 1 0 0 0 0 0 0 0 0
320 1 0 0 1 0 0 0 0 0
321 1 0 0 1 0 0 0 0 0
322 1 0 0 0 0 0 0 0 0
323 1 0 0 0 0 0 0 0 0
324 1 0 0 0 0 0 0 0 0
fl=/usr/src/debug/glibc-2.28-251.el8_10.14.x86_64/string/../sysdeps/x86_64/multiarch/../strchr.S
fn=index
23 32 1 1 0 0 0 0 0 0
24 32 0 0 0 0 0 0 0 0
25 32 0 0 0 0 0 0 0 0
26 32 0 0 0 0 0 0 0 0
27 32 0 0 0 0 0 0 0 0
28 32 0 0 0 0 0 0 0 0
29 32 0 0 0 0 0 0 0 0
30 32 0 0 0 0 0 0 0 0
31 32 0 0 0 0 0 0 0 0
32 32 0 0 32 2 2 0 0 0
33 32 0 0 0 0 0 0 0 0
34 32 0 0 0 0 0 0 0 0
35 32 0 0 0 0 0 0 0 0
36 32 0 0 0 0 0 0 0 0
37 32 0 0 0 0 0 0 0 0
38 32 1 1 0 0 0 0 0 0
39 32 0 0 0 0 0 0 0 0
40 32 0 0 0 0 0 0 0 0
41 12 0 0 0 0 0 0 0 0
45 12 0 0 0 0 0 0 0 0
46 12 0 0 0 0 0 0 0 0
47 12 0 0 12 0 0 0 0 0
48 12 0 0 0 0 0 0 0 0
50 12 0 0 12 0 0 0 0 0
54 20 0 0 20 0 0 0 0 0
55 20 0 0 0 0 0 0 0 0
56 20 0 0 0 0 0 0 0 0
57 20 0 0 0 0 0 0 0 0
58 20 0 0 0 0 0 0 0 0
59 20 0 0 0 0 0 0 0 0
60 20 0 0 20 0 0 0 0 0
61 20 1 1 0 0 0 0 0 0
62 20 0 0 0 0 0 0 0 0
63 20 0 0 0 0 0 0 0 0
64 20 0 0 0 0 0 0 0 0
65 20 0 0 0 0 0 0 0 0
66 20 0 0 0 0 0 0 0 0
67 20 0 0 20 2 1 0 0 0
68 20 0 0 0 0 0 0 0 0
69 20 0 0 0 0 0 0 0 0
70 20 0 0 0 0 0 0 0 0
71 20 0 0 0 0 0 0 0 0
72 20 0 0 0 0 0 0 0 0
73 20 0 0 0 0 0 0 0 0
74 20 0 0 0 0 0 0 0 0
75 20 0 0 0 0 0 0 0 0
76 20 0 0 0 0 0 0 0 0
77 44 1 1 0 0 0 0 0 0
82 12 0 0 0 0 0 0 0 0
83 12 0 0 0 0 0 0 0 0
86 14 0 0 0 0 0 0 0 0
87 14 0 0 14 0 0 0 0 0
88 14 0 0 14 0 0 0 0 0
89 14 0 0 14 0 0 0 0 0
90 14 0 0 0 0 0 0 0 0
91 14 0 0 14 0 0 0 0 0
92 14 0 0 0 0 0 0 0 0
93 14 0 0 0 0 0 0 0 0
94 14 0 0 14 0 0 0 0 0
95 14 1 1 0 0 0 0 0 0
96 14 0 0 14 0 0 0 0 0
97 14 0 0 14 0 0 0 0 0
98 14 0 0 0 0 0 0 0 0
99 14 0 0 14 0 0 0 0 0
100 14 0 0 0 0 0 0 0 0
101 14 0 0 0 0 0 0 0 0
102 14 0 0 0 0 0 0 0 0
103 14 0 0 0 0 0 0 0 0
105 14 0 0 0 0 0 0 0 0
106 14 0 0 0 0 0 0 0 0
108 12 0 0 12 0 0 0 0 0
109 12 0 0 0 0 0 0 0 0
110 12 0 0 0 0 0 0 0 0
111 12 0 0 0 0 0 0 0 0
112 12 0 0 0 0 0 0 0 0
113 12 1 1 0 0 0 0 0 0
114 12 0 0 0 0 0 0 0 0
115 12 0 0 0 0 0 0 0 0
117 12 0 0 0 0 0 0 0 0
118 12 0 0 0 0 0 0 0 0
119 12 0 0 0 0 0 0 0 0
120 12 0 0 0 0 0 0 0 0
121 12 0 0 0 0 0 0 0 0
122 12 0 0 0 0 0 0 0 0
123 12 0 0 0 0 0 0 0 0
124 12 0 0 0 0 0 0 0 0
125 12 0 0 0 0 0 0 0 0
126 12 0 0 0 0 0 0 0 0
129 20 0 0 0 0 0 0 0 0
133 20 0 0 0 0 0 0 0 0
134 20 0 0 0 0 0 0 0 0
135 20 0 0 20 0 0 0 0 0
136 20 1 1 0 0 0 0 0 0
138 20 0 0 20 0 0 0 0 0
fl=/usr/src/debug/glibc-2.28-251.el8_10.14.x86_64/string/../sysdeps/x86_64/multiarch/memmove-vec-unaligned-erms.S
fn=memcpy
190 34 2 2 0 0 0 0 0 0
191 34 0 0 0 0 0 0 0 0
197 462 0 0 0 0 0 0 0 0
198 462 0 0 0 0 0 0 0 0
199 125 1 1 0 0 0 0 0 0
200 125 0 0 0 0 0 0 0 0
205 72 0 0 72 5 0 0 0 0
206 72 0 0 72 0 0 0 0 0
207 72 0 0 0 0 0 72 5 4
208 72 0 0 0 0 0 72 2 2
211 72 0 0 72 0 0 0 0 0
358 337 2 1 0 0 0 0 0 0
359 337 0 0 0 0 0 0 0 0
360 65 0 0 0 0 0 0 0 0
361 65 0 0 0 0 0 0 0 0
362 24 0 0 0 0 0 0 0 0
363 24 0 0 0 0 0 0 0 0
364 22 0 0 0 0 0 0 0 0
365 1 0 0 1 1 1 0 0 0
366 1 0 0 0 0 0 1 1 1
368 22 0 0 22 0 0 0 0 0
389 272 0 0 272 16 1 0 0 0
390 272 0 0 272 0 0 0 0 0
391 272 0 0 0 0 0 272 3 2
392 272 0 0 0 0 0 272 0 0
393 272 0 0 272 0 0 0 0 0
396 41 0 0 41 1 0 0 0 0
397 41 0 0 41 0 0 0 0 0
398 41 0 0 0 0 0 41 0 0
399 41 0 0 0 0 0 41 0 0
400 41 0 0 41 0 0 0 0 0
403 2 1 1 2 1 1 0 0 0
404 2 0 0 2 0 0 0 0 0
405 2 0 0 0 0 0 2 0 0
406 2 0 0 0 0 0 2 0 0
407 2 0 0 2 0 0 0 0 0
417 53 0 0 0 0 0 0 0 0
418 53 0 0 0 0 0 0 0 0
419 52 0 0 0 0 0 0 0 0
420 52 0 0 0 0 0 0 0 0
422 37 0 0 37 8 0 0 0 0
423 37 0 0 37 5 0 0 0 0
424 37 0 0 37 3 0 0 0 0
425 37 0 0 37 2 0 0 0 0
426 37 0 0 37 4 0 0 0 0
427 37 1 1 37 0 0 0 0 0
428 37 0 0 37 0 0 0 0 0
429 37 0 0 37 0 0 0 0 0
430 37 0 0 0 0 0 37 15 14
431 37 0 0 0 0 0 37 6 6
432 37 0 0 0 0 0 37 9 9
433 37 0 0 0 0 0 37 9 9
434 37 0 0 0 0 0 37 7 7
435 37 0 0 0 0 0 37 0 0
436 37 0 0 0 0 0 37 0 0
437 37 0 0 0 0 0 37 0 0
438 37 0 0 37 0 0 0 0 0
441 15 0 0 15 5 0 0 0 0
442 15 0 0 15 0 0 0 0 0
443 15 0 0 15 4 0 0 0 0
444 15 0 0 15 0 0 0 0 0
445 15 0 0 0 0 0 15 8 8
446 15 0 0 0 0 0 15 1 1
447 15 0 0 0 0 0 15 5 5
448 15 0 0 0 0 0 15 0 0
449 15 0 0 15 0 0 0 0 0
461 1 1 1 0 0 0 0 0 0
462 1 0 0 0 0 0 0 0 0
464 1 0 0 0 0 0 0 0 0
467 1 0 0 1 0 0 0 0 0
468 1 0 0 1 0 0 0 0 0
469 1 0 0 1 0 0 0 0 0
470 1 0 0 1 0 0 0 0 0
471 1 0 0 1 0 0 0 0 0
473 1 0 0 0 0 0 0 0 0
474 1 1 1 0 0 0 0 0 0
477 1 0 0 0 0 0 0 0 0
478 1 0 0 0 0 0 0 0 0
480 1 0 0 0 0 0 0 0 0
482 1 0 0 0 0 0 0 0 0
484 1 0 0 0 0 0 0 0 0
486 2 0 0 0 0 0 0 0 0
491 18 0 0 18 0 0 0 0 0
492 18 0 0 18 0 0 0 0 0
493 18 0 0 18 0 0 0 0 0
494 18 0 0 18 0 0 0 0 0
495 18 0 0 0 0 0 0 0 0
496 18 0 0 0 0 0 0 0 0
497 18 0 0 0 0 0 18 12 9
498 18 0 0 0 0 0 18 0 0
499 18 1 1 0 0 0 18 0 0
500 18 0 0 0 0 0 18 0 0
501 18 0 0 0 0 0 0 0 0
502 18 0 0 0 0 0 0 0 0
503 18 0 0 0 0 0 0 0 0
505 1 0 0 0 0 0 1 0 0
506 1 0 0 0 0 0 1 0 0
507 1 0 0 0 0 0 1 0 0
508 1 0 0 0 0 0 1 0 0
510 1 0 0 0 0 0 1 0 0
511 1 0 0 1 0 0 0 0 0
fn=mempcpy
177 428 0 0 0 0 0 0 0 0
178 428 0 0 0 0 0 0 0 0
179 428 0 0 0 0 0 0 0 0
180 428 0 0 0 0 0 0 0 0
fl=/usr/src/debug/glibc-2.28-251.el8_10.14.x86_64/string/../sysdeps/x86_64/multiarch/memset-vec-unaligned-erms.S
fn=memset
169 3 1 1 0 0 0 0 0 0
170 15 0 0 0 0 0 0 0 0
175 3 0 0 0 0 0 0 0 0
176 3 1 1 0 0 0 0 0 0
179 2 0 0 0 0 0 0 0 0
180 2 0 0 0 0 0 0 0 0
338 2 0 0 0 0 0 2 2 2
339 2 0 0 0 0 0 2 1 1
351 2 0 0 0 0 0 0 0 0
354 2 0 0 0 0 0 0 0 0
355 2 0 0 0 0 0 0 0 0
367 2 0 0 0 0 0 2 0 0
368 2 0 0 0 0 0 2 0 0
381 2 0 0 0 0 0 0 0 0
382 2 0 0 0 0 0 0 0 0
384 2 0 0 0 0 0 0 0 0
387 2 1 1 0 0 0 0 0 0
390 4 0 0 0 0 0 0 0 0
393 32 0 0 0 0 0 32 0 0
394 32 0 0 0 0 0 32 0 0
395 32 0 0 0 0 0 32 32 32
396 32 0 0 0 0 0 32 0 0
397 32 0 0 0 0 0 0 0 0
398 32 0 0 0 0 0 0 0 0
399 32 0 0 0 0 0 0 0 0
402 2 0 0 0 0 0 2 0 0
403 2 0 0 0 0 0 2 0 0
404 2 0 0 0 0 0 2 0 0
405 2 0 0 0 0 0 2 0 0
410 2 0 0 2 0 0 0 0 0
447 1 1 1 0 0 0 0 0 0
452 1 0 0 0 0 0 0 0 0
453 1 0 0 0 0 0 0 0 0
492 1 0 0 0 0 0 1 1 1
493 1 0 0 0 0 0 1 0 0
495 1 0 0 1 0 0 0 0 0
fl=/usr/src/debug/glibc-2.28-251.el8_10.14.x86_64/string/../sysdeps/x86_64/multiarch/strlen-vec.S
fn=strlen
41 50 1 1 0 0 0 0 0 0
85 50 0 0 0 0 0 0 0 0
86 50 0 0 0 0 0 0 0 0
87 50 0 0 0 0 0 0 0 0
88 50 0 0 0 0 0 0 0 0
89 50 0 0 0 0 0 0 0 0
90 50 0 0 0 0 0 0 0 0
91 50 0 0 0 0 0 0 0 0
93 50 0 0 0 0 0 0 0 0
95 50 0 0 0 0 0 0 0 0
126 50 0 0 50 3 2 0 0 0
127 50 0 0 0 0 0 0 0 0
128 50 0 0 0 0 0 0 0 0
129 50 0 0 0 0 0 0 0 0
130 50 0 0 0 0 0 0 0 0
131 7 0 0 0 0 0 0 0 0
133 7 0 0 7 0 0 0 0 0
137 43 1 1 0 0 0 0 0 0
138 43 0 0 43 0 0 0 0 0
139 43 0 0 43 1 1 0 0 0
140 43 0 0 43 2 1 0 0 0
141 43 0 0 0 0 0 0 0 0
142 43 0 0 0 0 0 0 0 0
143 43 0 0 0 0 0 0 0 0
144 43 0 0 0 0 0 0 0 0
145 43 0 0 0 0 0 0 0 0
146 43 0 0 0 0 0 0 0 0
147 43 0 0 0 0 0 0 0 0
148 43 0 0 0 0 0 0 0 0
153 286 1 1 14 0 0 0 0 0
227 37 1 1 37 9 9 0 0 0
228 37 0 0 37 0 0 0 0 0
229 37 0 0 37 0 0 0 0 0
230 37 0 0 37 0 0 0 0 0
231 37 0 0 0 0 0 0 0 0
232 37 0 0 0 0 0 0 0 0
233 37 0 0 0 0 0 0 0 0
234 37 0 0 0 0 0 0 0 0
236 13 0 0 0 0 0 0 0 0
238 13 0 0 13 9 8 0 0 0
239 13 0 0 13 0 0 0 0 0
240 13 0 0 13 0 0 0 0 0
241 13 0 0 13 0 0 0 0 0
242 13 0 0 0 0 0 0 0 0
243 13 0 0 0 0 0 0 0 0
244 13 1 1 0 0 0 0 0 0
245 13 0 0 0 0 0 0 0 0
246 8 0 0 0 0 0 0 0 0
250 24 0 0 0 0 0 0 0 0
252 29 0 0 0 0 0 0 0 0
253 406 1 1 116 0 0 0 0 0
255 29 0 0 0 0 0 0 0 0
256 29 0 0 0 0 0 0 0 0
257 29 0 0 0 0 0 0 0 0
259 29 0 0 29 0 0 0 0 0
fl=/usr/src/debug/glibc-2.28-251.el8_10.14.x86_64/string/../sysdeps/x86_64/strcmp.S
fn=strcmp
109 175 1 1 0 0 0 0 0 0
142 175 0 0 0 0 0 0 0 0
143 175 0 0 0 0 0 0 0 0
145 175 0 0 0 0 0 0 0 0
146 175 0 0 0 0 0 0 0 0
167 175 1 1 0 0 0 0 0 0
168 175 0 0 0 0 0 0 0 0
169 153 0 0 0 0 0 0 0 0
170 153 0 0 0 0 0 0 0 0
171 130 0 0 130 103 11 0 0 0
172 130 0 0 130 23 0 0 0 0
173 130 0 0 130 0 0 0 0 0
174 130 0 0 130 0 0 0 0 0
191 130 0 0 0 0 0 0 0 0
192 130 0 0 0 0 0 0 0 0
193 130 0 0 0 0 0 0 0 0
194 130 0 0 0 0 0 0 0 0
195 130 0 0 0 0 0 0 0 0
196 130 0 0 0 0 0 0 0 0
197 130 0 0 0 0 0 0 0 0
202 7 0 0 0 0 0 0 0 0
203 21 0 0 0 0 0 0 0 0
212 52 1 1 0 0 0 0 0 0
213 52 0 0 0 0 0 0 0 0
214 52 0 0 0 0 0 0 0 0
215 52 0 0 0 0 0 0 0 0
216 52 0 0 0 0 0 0 0 0
217 52 0 0 0 0 0 0 0 0
218 52 0 0 0 0 0 0 0 0
219 52 0 0 0 0 0 0 0 0
220 49 0 0 0 0 0 0 0 0
221 28 0 0 0 0 0 0 0 0
222 28 0 0 0 0 0 0 0 0
223 28 0 0 0 0 0 0 0 0
225 49 0 0 0 0 0 0 0 0
226 49 0 0 0 0 0 0 0 0
227 49 0 0 0 0 0 0 0 0
228 49 0 0 49 35 4 0 0 0
229 49 0 0 0 0 0 0 0 0
230 49 0 0 0 0 0 0 0 0
240 3 1 1 3 3 1 0 0 0
241 3 0 0 0 0 0 0 0 0
242 3 0 0 0 0 0 0 0 0
244 3 0 0 3 2 2 0 0 0
250 3 0 0 0 0 0 0 0 0
251 3 0 0 0 0 0 0 0 0
252 3 0 0 0 0 0 0 0 0
253 3 0 0 0 0 0 0 0 0
254 3 0 0 0 0 0 0 0 0
259 3 0 0 0 0 0 0 0 0
311 1 1 1 0 0 0 0 0 0
312 1 0 0 1 0 0 0 0 0
313 1 0 0 1 0 0 0 0 0
314 1 0 0 0 0 0 0 0 0
315 1 1 1 0 0 0 0 0 0
317 1 0 0 0 0 0 0 0 0
318 1 0 0 0 0 0 0 0 0
319 1 0 0 0 0 0 0 0 0
320 1 0 0 0 0 0 0 0 0
321 1 0 0 0 0 0 0 0 0
322 1 0 0 0 0 0 0 0 0
323 1 0 0 0 0 0 0 0 0
324 1 0 0 1 0 0 0 0 0
327 1 0 0 0 0 0 0 0 0
328 1 0 0 0 0 0 0 0 0
329 1 0 0 0 0 0 0 0 0
335 1 0 0 0 0 0 0 0 0
336 1 0 0 0 0 0 0 0 0
337 2 1 1 0 0 0 0 0 0
341 1 0 0 0 0 0 0 0 0
342 1 0 0 0 0 0 0 0 0
345 1 0 0 1 0 0 0 0 0
346 1 0 0 1 1 1 0 0 0
347 1 0 0 0 0 0 0 0 0
350 1 0 0 0 0 0 0 0 0
351 1 0 0 0 0 0 0 0 0
352 1 0 0 0 0 0 0 0 0
358 1 0 0 0 0 0 0 0 0
359 1 0 0 0 0 0 0 0 0
360 1 1 1 0 0 0 0 0 0
361 1 0 0 0 0 0 0 0 0
362 1 0 0 0 0 0 0 0 0
363 1 0 0 0 0 0 0 0 0
565 4 1 1 0 0 0 0 0 0
566 4 0 0 4 3 0 0 0 0
567 4 0 0 4 4 0 0 0 0
568 4 0 0 0 0 0 0 0 0
569 4 1 1 0 0 0 0 0 0
571 4 0 0 0 0 0 0 0 0
572 4 0 0 0 0 0 0 0 0
573 4 0 0 0 0 0 0 0 0
574 4 0 0 0 0 0 0 0 0
575 4 0 0 0 0 0 0 0 0
576 4 0 0 0 0 0 0 0 0
577 4 0 0 0 0 0 0 0 0
578 4 0 0 4 0 0 0 0 0
582 4 0 0 0 0 0 0 0 0
583 4 0 0 0 0 0 0 0 0
584 4 0 0 0 0 0 0 0 0
590 4 0 0 0 0 0 0 0 0
591 4 0 0 0 0 0 0 0 0
592 8 1 1 0 0 0 0 0 0
596 4 0 0 0 0 0 0 0 0
597 4 0 0 0 0 0 0 0 0
600 4 0 0 4 0 0 0 0 0
601 4 0 0 4 0 0 0 0 0
602 4 0 0 0 0 0 0 0 0
605 4 0 0 0 0 0 0 0 0
606 4 0 0 0 0 0 0 0 0
607 4 0 0 0 0 0 0 0 0
613 4 0 0 0 0 0 0 0 0
614 4 0 0 0 0 0 0 0 0
615 4 1 1 0 0 0 0 0 0
616 4 0 0 0 0 0 0 0 0
617 4 0 0 0 0 0 0 0 0
618 4 0 0 0 0 0 0 0 0
690 2 1 1 0 0 0 0 0 0
691 2 0 0 2 1 0 0 0 0
692 2 0 0 2 1 1 0 0 0
693 2 0 0 0 0 0 0 0 0
694 2 1 1 0 0 0 0 0 0
696 2 0 0 0 0 0 0 0 0
697 2 0 0 0 0 0 0 0 0
698 2 0 0 0 0 0 0 0 0
699 2 0 0 0 0 0 0 0 0
700 2 0 0 0 0 0 0 0 0
701 2 0 0 0 0 0 0 0 0
702 2 0 0 0 0 0 0 0 0
703 1 0 0 1 0 0 0 0 0
707 1 0 0 0 0 0 0 0 0
708 1 0 0 0 0 0 0 0 0
709 1 0 0 0 0 0 0 0 0
715 1 0 0 0 0 0 0 0 0
716 1 0 0 0 0 0 0 0 0
717 2 1 1 0 0 0 0 0 0
721 1 0 0 0 0 0 0 0 0
722 1 0 0 0 0 0 0 0 0
725 1 0 0 1 1 0 0 0 0
726 1 0 0 1 0 0 0 0 0
727 1 0 0 0 0 0 0 0 0
730 1 0 0 0 0 0 0 0 0
731 1 0 0 0 0 0 0 0 0
732 1 0 0 0 0 0 0 0 0
738 1 0 0 0 0 0 0 0 0
739 1 0 0 0 0 0 0 0 0
740 1 1 1 0 0 0 0 0 0
741 1 0 0 0 0 0 0 0 0
742 1 0 0 0 0 0 0 0 0
743 1 0 0 0 0 0 0 0 0
940 2 1 1 0 0 0 0 0 0
941 2 0 0 2 1 0 0 0 0
942 2 0 0 2 1 1 0 0 0
943 2 0 0 0 0 0 0 0 0
944 2 1 1 0 0 0 0 0 0
946 2 0 0 0 0 0 0 0 0
947 2 0 0 0 0 0 0 0 0
948 2 0 0 0 0 0 0 0 0
949 2 0 0 0 0 0 0 0 0
950 2 0 0 0 0 0 0 0 0
951 2 0 0 0 0 0 0 0 0
952 2 0 0 0 0 0 0 0 0
953 2 0 0 2 0 0 0 0 0
957 2 0 0 0 0 0 0 0 0
958 2 0 0 0 0 0 0 0 0
959 2 0 0 0 0 0 0 0 0
965 2 0 0 0 0 0 0 0 0
966 2 0 0 0 0 0 0 0 0
967 4 1 1 0 0 0 0 0 0
971 2 0 0 0 0 0 0 0 0
972 2 0 0 0 0 0 0 0 0
975 2 0 0 2 2 0 0 0 0
976 2 0 0 2 0 0 0 0 0
977 2 0 0 0 0 0 0 0 0
980 2 0 0 0 0 0 0 0 0
981 2 0 0 0 0 0 0 0 0
982 2 0 0 0 0 0 0 0 0
988 2 0 0 0 0 0 0 0 0
989 2 0 0 0 0 0 0 0 0
990 2 1 1 0 0 0 0 0 0
991 2 0 0 0 0 0 0 0 0
992 2 0 0 0 0 0 0 0 0
993 2 0 0 0 0 0 0 0 0
1065 1 1 1 0 0 0 0 0 0
1066 1 0 0 1 1 0 0 0 0
1067 1 0 0 1 1 0 0 0 0
1068 1 0 0 0 0 0 0 0 0
1069 1 1 1 0 0 0 0 0 0
1071 1 0 0 0 0 0 0 0 0
1072 1 0 0 0 0 0 0 0 0
1073 1 0 0 0 0 0 0 0 0
1074 1 0 0 0 0 0 0 0 0
1075 1 0 0 0 0 0 0 0 0
1076 1 0 0 0 0 0 0 0 0
1077 1 0 0 0 0 0 0 0 0
1078 1 0 0 1 0 0 0 0 0
1082 1 0 0 0 0 0 0 0 0
1083 1 0 0 0 0 0 0 0 0
1084 1 0 0 0 0 0 0 0 0
1090 1 0 0 0 0 0 0 0 0
1091 1 0 0 0 0 0 0 0 0
1092 2 1 1 0 0 0 0 0 0
1096 1 0 0 0 0 0 0 0 0
1097 1 0 0 0 0 0 0 0 0
1100 1 0 0 1 1 0 0 0 0
1101 1 0 0 1 0 0 0 0 0
1102 1 0 0 0 0 0 0 0 0
1105 1 0 0 0 0 0 0 0 0
1106 1 0 0 0 0 0 0 0 0
1107 1 0 0 0 0 0 0 0 0
1113 1 0 0 0 0 0 0 0 0
1114 1 0 0 0 0 0 0 0 0
1115 1 1 1 0 0 0 0 0 0
1116 1 0 0 0 0 0 0 0 0
1117 1 0 0 0 0 0 0 0 0
1118 1 0 0 0 0 0 0 0 0
1190 4 2 1 0 0 0 0 0 0
1191 4 0 0 4 2 1 0 0 0
1192 4 0 0 4 3 1 0 0 0
1193 4 0 0 0 0 0 0 0 0
1194 4 2 1 0 0 0 0 0 0
1196 4 0 0 0 0 0 0 0 0
1197 4 0 0 0 0 0 0 0 0
1198 4 0 0 0 0 0 0 0 0
1199 4 0 0 0 0 0 0 0 0
1200 4 0 0 0 0 0 0 0 0
1201 4 0 0 0 0 0 0 0 0
1202 4 0 0 0 0 0 0 0 0
1203 1 0 0 1 0 0 0 0 0
1207 1 0 0 0 0 0 0 0 0
1208 1 0 0 0 0 0 0 0 0
1209 1 0 0 0 0 0 0 0 0
1215 1 0 0 0 0 0 0 0 0
1216 1 0 0 0 0 0 0 0 0
1217 2 1 1 0 0 0 0 0 0
1221 1 0 0 0 0 0 0 0 0
1222 1 0 0 0 0 0 0 0 0
1225 1 0 0 1 1 1 0 0 0
1226 1 0 0 1 0 0 0 0 0
1227 1 0 0 0 0 0 0 0 0
1230 1 0 0 0 0 0 0 0 0
1231 1 0 0 0 0 0 0 0 0
1232 1 0 0 0 0 0 0 0 0
1238 1 0 0 0 0 0 0 0 0
1239 1 0 0 0 0 0 0 0 0
1240 1 1 1 0 0 0 0 0 0
1241 1 0 0 0 0 0 0 0 0
1242 1 0 0 0 0 0 0 0 0
1243 1 0 0 0 0 0 0 0 0
1315 4 1 1 0 0 0 0 0 0
1316 4 0 0 4 3 1 0 0 0
1317 4 0 0 4 1 0 0 0 0
1318 4 0 0 0 0 0 0 0 0
1319 4 1 1 0 0 0 0 0 0
1321 4 0 0 0 0 0 0 0 0
1322 4 0 0 0 0 0 0 0 0
1323 4 0 0 0 0 0 0 0 0
1324 4 0 0 0 0 0 0 0 0
1325 4 0 0 0 0 0 0 0 0
1326 4 0 0 0 0 0 0 0 0
1327 4 0 0 0 0 0 0 0 0
1328 3 0 0 3 0 0 0 0 0
1332 3 0 0 0 0 0 0 0 0
1333 3 0 0 0 0 0 0 0 0
1334 3 0 0 0 0 0 0 0 0
1340 3 0 0 0 0 0 0 0 0
1341 3 0 0 0 0 0 0 0 0
1342 6 1 1 0 0 0 0 0 0
1346 3 0 0 0 0 0 0 0 0
1347 3 0 0 0 0 0 0 0 0
1350 3 0 0 3 0 0 0 0 0
1351 3 0 0 3 2 1 0 0 0
1352 3 0 0 0 0 0 0 0 0
1355 3 0 0 0 0 0 0 0 0
1356 3 0 0 0 0 0 0 0 0
1357 3 0 0 0 0 0 0 0 0
1363 3 0 0 0 0 0 0 0 0
1364 3 0 0 0 0 0 0 0 0
1365 3 1 1 0 0 0 0 0 0
1366 3 0 0 0 0 0 0 0 0
1367 3 0 0 0 0 0 0 0 0
1368 3 0 0 0 0 0 0 0 0
1375 3 0 0 0 0 0 0 0 0
1376 3 0 0 0 0 0 0 0 0
1378 3 0 0 0 0 0 0 0 0
1379 3 0 0 0 0 0 0 0 0
1381 3 0 0 3 0 0 0 0 0
1382 3 0 0 3 1 1 0 0 0
1383 3 0 0 0 0 0 0 0 0
1386 3 0 0 0 0 0 0 0 0
1387 3 0 0 0 0 0 0 0 0
1388 3 0 0 0 0 0 0 0 0
1394 3 0 0 0 0 0 0 0 0
1395 3 1 1 0 0 0 0 0 0
1396 3 0 0 0 0 0 0 0 0
1397 3 0 0 0 0 0 0 0 0
1398 3 0 0 0 0 0 0 0 0
1399 3 0 0 0 0 0 0 0 0
1440 14 1 1 0 0 0 0 0 0
1441 14 0 0 14 10 1 0 0 0
1442 14 0 0 14 4 2 0 0 0
1443 14 0 0 0 0 0 0 0 0
1444 14 1 1 0 0 0 0 0 0
1446 14 0 0 0 0 0 0 0 0
1447 14 0 0 0 0 0 0 0 0
1448 14 0 0 0 0 0 0 0 0
1449 14 0 0 0 0 0 0 0 0
1450 14 0 0 0 0 0 0 0 0
1451 14 0 0 0 0 0 0 0 0
1452 14 0 0 0 0 0 0 0 0
1453 3 0 0 3 0 0 0 0 0
1457 3 0 0 0 0 0 0 0 0
1458 3 0 0 0 0 0 0 0 0
1459 3 0 0 0 0 0 0 0 0
1465 3 0 0 0 0 0 0 0 0
1466 3 0 0 0 0 0 0 0 0
1467 6 1 1 0 0 0 0 0 0
1471 3 0 0 0 0 0 0 0 0
1472 3 0 0 0 0 0 0 0 0
1475 3 0 0 3 1 1 0 0 0
1476 3 0 0 3 1 1 0 0 0
1477 3 0 0 0 0 0 0 0 0
1480 3 0 0 0 0 0 0 0 0
1481 3 0 0 0 0 0 0 0 0
1482 3 0 0 0 0 0 0 0 0
1488 3 0 0 0 0 0 0 0 0
1489 3 0 0 0 0 0 0 0 0
1490 3 1 1 0 0 0 0 0 0
1491 3 0 0 0 0 0 0 0 0
1492 3 0 0 0 0 0 0 0 0
1493 3 0 0 0 0 0 0 0 0
1565 1 1 1 0 0 0 0 0 0
1566 1 0 0 1 0 0 0 0 0
1567 1 0 0 1 0 0 0 0 0
1568 1 0 0 0 0 0 0 0 0
1569 1 1 1 0 0 0 0 0 0
1571 1 0 0 0 0 0 0 0 0
1572 1 0 0 0 0 0 0 0 0
1573 1 0 0 0 0 0 0 0 0
1574 1 0 0 0 0 0 0 0 0
1575 1 0 0 0 0 0 0 0 0
1576 1 0 0 0 0 0 0 0 0
1577 1 0 0 0 0 0 0 0 0
1690 3 1 1 0 0 0 0 0 0
1691 3 0 0 3 1 1 0 0 0
1692 3 0 0 3 2 1 0 0 0
1693 3 0 0 0 0 0 0 0 0
1694 3 1 1 0 0 0 0 0 0
1696 3 0 0 0 0 0 0 0 0
1697 3 0 0 0 0 0 0 0 0
1698 3 0 0 0 0 0 0 0 0
1699 3 0 0 0 0 0 0 0 0
1700 3 0 0 0 0 0 0 0 0
1701 3 0 0 0 0 0 0 0 0
1702 3 0 0 0 0 0 0 0 0
1703 2 0 0 2 0 0 0 0 0
1707 2 0 0 0 0 0 0 0 0
1708 2 0 0 0 0 0 0 0 0
1709 2 0 0 0 0 0 0 0 0
1715 2 0 0 0 0 0 0 0 0
1716 2 0 0 0 0 0 0 0 0
1717 4 1 1 0 0 0 0 0 0
1721 2 0 0 0 0 0 0 0 0
1722 2 0 0 0 0 0 0 0 0
1725 2 0 0 2 0 0 0 0 0
1726 2 0 0 2 1 1 0 0 0
1727 2 0 0 0 0 0 0 0 0
1730 2 0 0 0 0 0 0 0 0
1731 2 0 0 0 0 0 0 0 0
1732 2 0 0 0 0 0 0 0 0
1738 2 0 0 0 0 0 0 0 0
1739 2 0 0 0 0 0 0 0 0
1740 2 1 1 0 0 0 0 0 0
1741 2 0 0 0 0 0 0 0 0
1742 2 0 0 0 0 0 0 0 0
1743 2 0 0 0 0 0 0 0 0
1815 3 2 2 0 0 0 0 0 0
1816 3 0 0 3 1 0 0 0 0
1817 3 0 0 3 2 1 0 0 0
1818 3 0 0 0 0 0 0 0 0
1819 3 2 2 0 0 0 0 0 0
1821 3 0 0 0 0 0 0 0 0
1822 3 0 0 0 0 0 0 0 0
1823 3 0 0 0 0 0 0 0 0
1824 3 0 0 0 0 0 0 0 0
1825 3 0 0 0 0 0 0 0 0
1826 3 0 0 0 0 0 0 0 0
1827 3 0 0 0 0 0 0 0 0
1828 2 0 0 2 0 0 0 0 0
1832 2 0 0 0 0 0 0 0 0
1833 2 0 0 0 0 0 0 0 0
1834 2 0 0 0 0 0 0 0 0
1840 2 0 0 0 0 0 0 0 0
1841 2 0 0 0 0 0 0 0 0
1842 4 2 2 0 0 0 0 0 0
1846 2 0 0 0 0 0 0 0 0
1847 2 0 0 0 0 0 0 0 0
1850 2 0 0 2 2 2 0 0 0
1851 2 0 0 2 0 0 0 0 0
1852 2 0 0 0 0 0 0 0 0
1855 2 0 0 0 0 0 0 0 0
1856 2 0 0 0 0 0 0 0 0
1857 2 0 0 0 0 0 0 0 0
1863 2 0 0 0 0 0 0 0 0
1864 2 0 0 0 0 0 0 0 0
1865 2 2 2 0 0 0 0 0 0
1866 2 0 0 0 0 0 0 0 0
1867 2 0 0 0 0 0 0 0 0
1868 2 0 0 0 0 0 0 0 0
1940 10 2 1 0 0 0 0 0 0
1941 10 0 0 10 6 1 0 0 0
1942 10 0 0 10 6 1 0 0 0
1943 10 0 0 0 0 0 0 0 0
1944 10 1 1 0 0 0 0 0 0
1946 10 0 0 0 0 0 0 0 0
1947 10 0 0 0 0 0 0 0 0
1948 10 0 0 0 0 0 0 0 0
1949 10 0 0 0 0 0 0 0 0
1950 10 0 0 0 0 0 0 0 0
1951 10 0 0 0 0 0 0 0 0
1952 10 0 0 0 0 0 0 0 0
1953 2 0 0 2 0 0 0 0 0
1957 2 0 0 0 0 0 0 0 0
1958 2 0 0 0 0 0 0 0 0
1959 2 0 0 0 0 0 0 0 0
1965 2 0 0 0 0 0 0 0 0
1966 2 0 0 0 0 0 0 0 0
1967 4 1 1 0 0 0 0 0 0
1971 2 0 0 0 0 0 0 0 0
1972 2 0 0 0 0 0 0 0 0
1975 2 0 0 2 1 0 0 0 0
1976 2 0 0 2 0 0 0 0 0
1977 2 0 0 0 0 0 0 0 0
1980 2 0 0 0 0 0 0 0 0
1981 2 0 0 0 0 0 0 0 0
1982 2 0 0 0 0 0 0 0 0
1988 2 0 0 0 0 0 0 0 0
1989 2 0 0 0 0 0 0 0 0
1990 2 1 1 0 0 0 0 0 0
1991 2 0 0 0 0 0 0 0 0
1992 2 0 0 0 0 0 0 0 0
1993 2 0 0 0 0 0 0 0 0
2194 22 0 0 0 0 0 0 0 0
2196 52 1 1 0 0 0 0 0 0
2197 52 0 0 0 0 0 0 0 0
2198 52 0 0 0 0 0 0 0 0
2199 52 1 1 0 0 0 0 0 0
2200 56 0 0 0 0 0 0 0 0
2205 175 0 0 0 0 0 0 0 0
2211 175 0 0 175 0 0 0 0 0
2212 175 0 0 175 0 0 0 0 0
2220 175 0 0 0 0 0 0 0 0
2221 175 0 0 175 1 0 0 0 0
fl=/usr/src/debug/glibc-2.28-251.el8_10.14.x86_64/string/strdup.c
fn=strdup
40 100 1 1 0 0 0 40 0 0
41 40 1 1 0 0 0 20 0 0
44 40 0 0 0 0 0 0 0 0
47 100 0 0 0 0 0 20 0 0
48 100 0 0 60 0 0 0 0 0
fl=???
fn=(below main)
0 70 7 7 19 4 0 18 0 0
fn=???
0 310 26 25 140 46 8 26 1 1
fn=_Exit
0 9 1 1 1 1 0 0 0 0
fn=_IO_cleanup
0 147 15 15 46 5 0 26 0 0
fn=_IO_default_finish
0 16 2 2 6 0 0 1 0 0
fn=_IO_default_setbuf
0 54 5 5 9 0 0 15 0 0
fn=_IO_default_xsputn
0 131 7 5 27 1 0 23 0 0
fn=_IO_do_write@@GLIBC_2.2.5
0 34 2 2 6 0 0 4 0 0
fn=_IO_doallocbuf
0 52 3 3 16 3 0 8 0 0
fn=_IO_file_close
0 3 1 1 1 0 0 0 0 0
fn=_IO_file_close_it@@GLIBC_2.2.5
0 64 6 6 13 0 0 17 0 0
fn=_IO_file_doallocate
0 106 5 4 24 4 0 14 4 0
fn=_IO_file_finish@@GLIBC_2.2.5
0 13 2 2 3 0 0 2 0 0
fn=_IO_file_fopen@@GLIBC_2.2.5
0 64 5 5 13 1 0 9 0 0
fn=_IO_file_open
0 33 4 4 6 0 0 7 0 0
fn=_IO_file_overflow@@GLIBC_2.2.5
0 124 10 8 29 2 0 29 2 0
fn=_IO_file_setbuf@@GLIBC_2.2.5
0 16 1 1 3 0 0 8 0 0
fn=_IO_file_stat
0 10 2 2 2 0 0 0 0 0
fn=_IO_file_sync@@GLIBC_2.2.5
0 18 3 3 7 0 0 3 0 0
fn=_IO_file_write@@GLIBC_2.2.5
0 74 3 3 16 1 0 10 0 0
fn=_IO_file_xsputn@@GLIBC_2.2.5
0 1535 6 6 326 7 2 256 3 1
fn=_IO_flush_all_lockp
0 125 12 12 36 12 7 21 1 1
fn=_IO_link_in
0 99 10 10 37 3 0 19 0 0
fn=_IO_new_file_init_internal
0 14 2 2 4 0 0 5 0 0
fn=_IO_no_init
0 34 4 4 5 0 0 20 2 2
fn=_IO_old_init
0 28 3 3 3 1 1 18 2 2
fn=_IO_setb
0 68 1 1 16 3 0 16 0 0
fn=_IO_un_link
0 8 0 0 3 0 0 0 0 0
fn=_IO_unsave_markers
0 6 1 1 3 0 0 0 0 0
fn=__GI__IO_un_link.part.1
0 87 11 11 31 6 0 15 1 0
fn=__GI_strstr
0 34 3 3 11 1 1 8 0 0
fn=__call_tls_dtors
0 12 2 2 5 2 1 2 0 0
fn=__close_nocancel
0 6 1 1 1 0 0 0 0 0
fn=__ctype_init
0 17 3 3 10 8 0 3 2 0
fn=__cxa_atexit
0 3 1 1 0 0 0 0 0 0
fn=__cxa_finalize
0 59 6 6 17 4 1 7 0 0
fn=__default_morecore
0 16 1 1 2 0 0 2 0 0
fn=__fopen_internal
0 43 4 4 7 0 0 11 1 1
fn=__gettimeofday_syscall
0 12 1 1 2 0 0 0 0 0
fn=__init_misc
0 25 2 2 7 2 0 5 1 0
fn=__internal_atexit
0 38 3 3 10 4 2 9 1 0
fn=__libc_alloca_cutoff
0 11 2 2 2 1 1 0 0 0
fn=__libc_csu_init
0 34 2 2 8 1 0 8 0 0
fn=__libc_early_init
0 2 0 0 0 0 0 0 0 0
fn=__memcpy_avx_unaligned_erms
0 378 4 3 67 0 0 39 3 3
fn=__mempcpy_avx_unaligned_erms
0 112 2 1 0 0 0 0 0 0
fn=__mpn_extract_double
0 20 3 3 1 0 0 4 1 1
fn=__mpn_lshift
0 16 2 2 2 0 0 1 0 0
fn=__mpn_mul
0 43 5 5 12 1 1 11 2 2
fn=__mpn_mul_1
0 159 6 6 22 0 0 15 0 0
fn=__mpn_rshift
0 18 3 3 3 0 0 2 0 0
fn=__new_exitfn
0 30 5 5 8 2 0 5 0 0
fn=__printf_fp
0 7 1 1 2 1 1 0 0 0
fn=__printf_fp_l
0 879 74 74 161 14 13 105 6 4
fn=__run_exit_handlers
0 105 9 9 25 7 4 15 0 0
fn=__sigjmp_save
0 9 1 1 2 0 0 2 0 0
fn=__sigsetjmp
0 22 2 2 5 1 0 8 0 0
fn=__strchr_avx2
0 42 2 2 6 1 0 0 0 0
fn=__strchrnul_avx2
0 380 2 2 40 3 2 0 0 0
fn=__strlen_avx2
0 84 2 2 12 1 1 0 0 0
fn=__strrchr_avx2
0 22 2 2 2 1 0 0 0 0
fn=__unregister_atfork
0 16 4 4 6 1 1 0 0 0
fn=__x86_cacheinfo
0 110 10 10 18 4 0 25 3 3
fn=_dl_addr
0 73132 10 10 14517 1136 917 17 3 0
fn=_dl_vdso_vsym
0 80 2 2 30 5 2 5 0 0
fn=_fxstat
0 22 1 1 2 0 0 0 0 0
fn=_getopt_internal
0 50 2 2 28 8 0 18 3 1
fn=_getopt_internal_r
0 221 17 17 67 6 2 36 1 0
fn=_init
0 108 7 7 17 7 0 16 3 3
fn=_int_free
0 169 16 16 50 9 0 21 0 0
fn=_int_malloc
0 1443 24 23 221 33 0 266 7 3
fn=_int_memalign
0 315 6 6 45 0 0 45 0 0
fn=_itoa_word
0 741 4 4 72 5 1 63 1 0
fn=_mid_memalign
0 230 5 5 42 3 0 20 0 0
fn=_setjmp
0 3 1 1 0 0 0 0 0 0
fn=bcmp
0 25 2 2 5 0 0 0 0 0
fn=brk
0 33 2 2 6 0 0 3 0 0
fn=check_stdfiles_vtables
0 12 2 2 7 3 0 0 0 0
fn=exit
0 8 1 1 1 0 0 2 0 0
fn=fclose@@GLIBC_2.2.5
0 75 7 7 26 2 0 9 0 0
fn=fopen@@GLIBC_2.2.5
0 3 1 1 0 0 0 0 0 0
fn=fprintf
0 96 3 3 16 0 0 40 0 0
fn=free
0 216 5 4 52 15 10 17 0 0
fn=get_common_cache_info
0 233 13 13 31 2 0 22 0 0
fn=getenv
0 1229 4 4 411 161 1 7 0 0
fn=getopt
0 18 1 1 2 0 0 4 0 0
fn=getrandom
0 10 2 2 2 1 0 0 0 0
fn=gettimeofday
0 134 6 6 8 1 1 8 0 0
fn=hack_digit
0 217 3 3 66 0 0 33 0 0
fn=handle_intel.constprop.1
0 177 5 5 36 6 0 45 0 0
fn=index
0 22 2 2 4 0 0 0 0 0
fn=intel_check_word.isra.0
0 1324 10 10 111 8 6 24 0 0
fn=malloc
0 165 7 7 42 19 0 16 3 0
fn=malloc_hook_ini
0 12 2 2 3 1 1 3 0 0
fn=malloc_init_state
0 647 2 2 1 0 0 257 35 34
fn=memalign
0 15 1 1 5 0 0 0 0 0
fn=memalign_hook_ini
0 10 2 2 3 1 0 1 0 0
fn=memchr
0 25 3 3 4 0 0 0 0 0
fn=memcpy@@GLIBC_2.14
0 24 5 5 4 0 0 0 0 0
fn=memmove
0 24 5 5 4 0 0 0 0 0
fn=mempcpy
0 24 4 4 4 0 0 0 0 0
fn=memrchr
0 24 2 2 4 0 0 0 0 0
fn=memset
0 26 2 2 4 0 0 0 0 0
fn=mmap
0 180 3 3 35 0 0 30 4 0
fn=munmap
0 30 1 1 5 0 0 0 0 0
fn=munmap_chunk
0 165 3 3 50 1 0 0 0 0
fn=new_do_write
0 114 7 7 34 2 1 26 0 0
fn=open
0 31 3 3 6 0 0 5 0 0
fn=printf
0 64 5 5 12 7 2 30 3 0
fn=ptmalloc_init.part.0
0 91 9 9 12 7 1 21 3 0
fn=rawmemchr
0 25 3 3 4 0 0 0 0 0
fn=rindex
0 24 3 3 4 0 0 0 0 0
fn=sbrk
0 57 3 3 15 2 0 9 1 0
fn=stpcpy
0 20 2 2 4 0 0 0 0 0
fn=stpncpy
0 20 3 3 4 0 0 0 0 0
fn=strcasecmp
0 20 3 3 4 0 0 0 0 0
fn=strcasecmp_l
0 20 3 3 4 0 0 0 0 0
fn=strcat
0 20 3 3 4 0 0 0 0 0
fn=strchrnul
0 24 2 2 4 0 0 0 0 0
fn=strcmp
0 17 2 2 4 0 0 0 0 0
fn=strcpy
0 20 3 3 4 0 0 0 0 0
fn=strcspn
0 7 1 1 3 0 0 0 0 0
fn=strlen
0 24 2 2 4 0 0 0 0 0
fn=strncasecmp
0 20 2 2 4 0 0 0 0 0
fn=strncasecmp_l
0 20 2 2 4 0 0 0 0 0
fn=strncmp
0 17 3 3 4 0 0 0 0 0
fn=strncpy
0 20 2 2 4 0 0 0 0 0
fn=strnlen
0 48 3 3 8 0 0 0 0 0
fn=strpbrk
0 7 0 0 3 0 0 0 0 0
fn=strspn
0 7 1 1 3 0 0 0 0 0
fn=sysmalloc
0 473 20 20 133 6 2 70 14 8
fn=tcache_init.part.7
0 115 4 4 9 1 0 84 9 9
fn=time
0 67 4 4 4 1 1 4 0 0
fn=vfprintf
0 3323 52 52 698 73 17 493 8 0
fn=wcschr
0 48 2 2 8 0 0 0 0 0
fn=wcscmp
0 24 2 2 4 0 0 0 0 0
fn=wcslen
0 22 3 3 4 0 0 0 0 0
fn=wcsnlen
0 22 2 2 4 0 0 0 0 0
fn=wmemchr
0 50 3 3 8 0 0 0 0 0
fn=wmemset
0 38 2 2 8 0 0 0 0 0
fn=write
0 20 1 1 4 1 0 0 0 0
summary: 33959157 1604 1574 1131567 1056040 133917 3691875 1312131 788131
