desc: I1 cache:         32768 B, 64 B, 8-way associative
desc: D1 cache:         49152 B, 64 B, 12-way associative
desc: LL cache:         62914560 B, 64 B, 15-way associative
cmd: ./PolyBenchC-4.2.1/bin/correlation.medium -v varinfo.txt
events: Ir I1mr ILmr Dr D1mr DLmr Dw D1mw DLmw 
fl=/scratch/user/uqcjin/App/example/PolyBenchC-4.2.1/../PolyBenchC-4.2.1/datamining/correlation/correlation.c
fn=main
35 1302 0 0 1 1 1 0 0 0
36 31200 0 0 0 0 0 0 0 0
37 298746 3 3 2 1 1 31200 7800 7800
78 966 1 1 1 0 0 0 0 0
80 480 0 0 0 0 0 240 30 30
81 187440 0 0 0 0 0 0 0 0
82 124800 0 0 62400 7800 0 62400 0 0
83 480 1 1 240 1 0 240 0 0
87 1201 0 0 1 0 0 0 0 0
89 480 0 0 0 0 0 240 30 30
90 187440 1 1 0 0 0 0 0 0
91 312000 0 0 124800 7830 0 62400 0 0
92 720 0 0 240 0 0 0 0 0
93 480 0 0 0 0 0 0 0 0
97 1200 2 2 240 0 0 240 0 0
101 783 0 0 0 0 0 0 0 0
102 95420 2 2 0 0 0 0 0 0
104 125585 0 0 62400 7810 0 31200 0 0
105 124800 0 0 31200 26 0 31200 0 0
109 1434 1 1 0 0 0 0 0 0
111 717 0 0 0 0 0 239 226 30
112 143639 0 0 0 0 0 0 0 0
114 114720 1 1 0 0 0 28680 3480 3480
115 22370400 0 0 0 0 0 0 0 0
116 29827200 0 0 14913600 7431793 0 7456800 0 0
117 28680 0 0 0 0 0 28680 28582 3690
120 1 0 0 0 0 0 1 0 0
133 2 0 0 0 0 0 0 0 0
137 4 0 0 0 0 0 1 0 0
138 2 0 0 0 0 0 0 0 0
140 7 1 1 0 0 0 1 0 0
141 7 0 0 0 0 0 1 0 0
142 7 1 1 0 0 0 1 0 0
143 7 0 0 0 0 0 1 0 0
145 2 0 0 0 0 0 1 0 0
157 9 1 1 0 0 0 8 0 0
158 1 0 0 0 0 0 0 0 0
160 13 1 1 4 0 0 2 0 0
162 2 0 0 0 0 0 0 0 0
171 1 0 0 1 0 0 0 0 0
185 4 0 0 0 0 0 1 0 0
186 4 0 0 0 0 0 1 0 0
187 4 1 1 0 0 0 1 0 0
188 4 0 0 0 0 0 1 0 0
200 5 0 0 0 0 0 1 1 0
210 2 0 0 0 0 0 1 1 0
211 2 0 0 0 0 0 1 0 0
215 2 0 0 1 0 0 0 0 0
218 2 0 0 0 0 0 1 0 0
219 2 0 0 0 0 0 1 0 0
220 2 0 0 0 0 0 1 0 0
221 2 0 0 0 0 0 1 0 0
224 9 0 0 7 2 0 0 0 0
fl=/scratch/user/uqcjin/App/example/PolyBenchC-4.2.1/../PolyBenchC-4.2.1/utilities/polybench.c
fn=polybench_alloc_data
523 24 0 0 4 0 0 4 0 0
524 8 0 0 0 0 0 0 0 0
558 4 0 0 0 0 0 0 0 0
565 8 1 1 0 0 0 0 0 0
569 8 0 0 4 0 0 0 0 0
fn=polybench_timer_print
402 5 0 0 2 0 0 0 0 0
fn=polybench_timer_start
88 3 1 1 0 0 0 1 0 0
89 2 0 0 0 0 0 0 0 0
91 6 0 0 3 1 0 0 0 0
115 4 2 2 0 0 0 1 1 0
117 1 0 0 0 0 0 0 0 0
121 4194563 0 0 0 0 0 0 0 0
122 6291840 0 0 4194560 524320 524320 0 0 0
123 3 0 0 1 1 1 0 0 0
124 1 0 0 0 0 0 1 1 0
365 1 0 0 0 0 0 0 0 0
368 1 0 0 0 0 0 1 1 0
372 2 0 0 1 0 0 0 0 0
fn=polybench_timer_stop
88 3 0 0 0 0 0 1 1 0
89 2 0 0 0 0 0 0 0 0
91 6 1 1 3 1 0 0 0 0
376 1 1 1 0 0 0 0 0 0
378 1 0 0 0 0 0 1 1 0
385 2 0 0 1 0 0 0 0 0
fl=/usr/src/debug/glibc-2.28-251.el8_10.14.x86_64/elf/../elf/dl-sysdep.c
fn=_dl_sysdep_start
88 9 1 1 0 0 0 6 1 1
89 2 0 0 0 0 0 0 0 0
90 2 0 0 1 0 0 0 0 0
112 1 0 0 0 0 0 1 0 0
113 609 1 1 201 25 25 4 2 2
116 2 0 0 0 0 0 1 0 0
117 1 0 0 0 0 0 1 1 1
119 138 6 6 37 3 3 19 1 1
120 112 0 0 17 3 3 0 0 0
123 1 1 1 1 0 0 0 0 0
124 1 0 0 0 0 0 0 0 0
126 1 0 0 1 0 0 0 0 0
127 1 0 0 0 0 0 0 0 0
129 1 0 0 1 0 0 0 0 0
130 2 0 0 0 0 0 0 0 0
132 1 0 0 1 0 0 0 0 0
133 2 0 0 0 0 0 0 0 0
153 1 1 1 1 0 0 0 0 0
154 2 0 0 0 0 0 0 0 0
156 1 0 0 1 0 0 0 0 0
157 2 0 0 0 0 0 0 0 0
159 2 1 1 1 0 0 1 0 0
160 2 1 1 0 0 0 1 0 0
165 2 0 0 1 1 1 1 0 0
166 2 0 0 0 0 0 1 0 0
181 2 0 0 1 1 1 1 0 0
182 2 0 0 0 0 0 1 0 0
224 1 0 0 0 0 0 1 0 0
227 1 0 0 0 0 0 1 0 0
238 3 1 1 1 0 0 0 0 0
239 2 0 0 0 0 0 2 0 0
241 5 0 0 0 0 0 1 0 0
253 3 0 0 1 0 0 0 0 0
256 5 1 1 1 0 0 1 0 0
258 9 1 0 8 2 0 0 0 0
fn=_dl_sysdep_start_cleanup
262 1 1 1 0 0 0 0 0 0
263 1 0 0 1 0 0 0 0 0
fl=/usr/src/debug/glibc-2.28-251.el8_10.14.x86_64/elf/../elf/dl-tls.c
fn=_dl_add_to_slotinfo
1129 8 1 1 0 0 0 4 0 0
1130 4 0 0 2 0 0 0 0 0
1138 1 0 0 1 0 0 0 0 0
1141 1 0 0 1 1 0 0 0 0
1142 1 0 0 0 0 0 0 0 0
1146 3 0 0 1 0 0 0 0 0
1182 2 1 1 0 0 0 0 0 0
1185 3 0 0 0 0 0 1 1 0
1186 3 0 0 1 0 0 1 0 0
1188 1 1 1 1 0 0 0 0 0
1191 2 0 0 0 0 0 0 0 0
1192 6 0 0 5 0 0 0 0 0
fn=_dl_allocate_tls_init
564 10 1 1 0 0 0 8 0 0
565 2 0 0 0 0 0 0 0 0
569 3 0 0 1 0 0 1 0 0
571 2 0 0 0 0 0 0 0 0
572 1 0 0 0 0 0 0 0 0
575 2 0 0 1 0 0 1 0 0
578 3 1 1 2 1 0 0 0 0
590 1 0 0 1 0 0 0 0 0
595 11 0 0 3 0 0 0 0 0
601 4 0 0 0 0 0 0 0 0
604 3 1 1 1 0 0 0 0 0
605 2 0 0 0 0 0 0 0 0
611 3 0 0 2 0 0 0 0 0
612 2 0 0 0 0 0 0 0 0
614 5 0 0 2 0 0 1 0 0
615 1 0 0 0 0 0 1 0 0
617 2 0 0 0 0 0 0 0 0
618 2 1 1 1 0 0 0 0 0
621 2 0 0 0 0 0 0 0 0
622 4 1 1 2 0 0 0 0 0
624 2 0 0 0 0 0 0 0 0
625 2 0 0 1 0 0 0 0 0
634 1 0 0 0 0 0 1 0 0
644 2 0 0 1 0 0 0 0 0
646 10 1 1 2 0 0 3 0 0
649 2 0 0 1 0 0 0 0 0
650 1 0 0 1 0 0 0 0 0
660 2 1 1 1 0 0 1 0 0
663 2 1 1 1 0 0 1 0 0
666 9 0 0 8 0 0 0 0 0
fn=_dl_allocate_tls_storage
84 1 0 0 2 0 0 0 0 0
90 1 0 0 2 0 0 0 0 0
443 5 1 1 0 0 0 3 0 0
445 1 1 1 1 0 0 0 0 0
456 1 0 0 1 0 0 0 0 0
460 1 0 0 0 0 0 0 0 0
461 3 0 0 0 0 0 0 0 0
472 4 0 0 0 0 0 0 0 0
473 1 0 0 0 0 0 0 0 0
477 297 1 1 0 0 0 289 36 36
496 1 0 0 0 0 0 1 1 1
498 2 0 0 0 0 0 1 0 0
499 2 1 1 0 0 0 0 0 0
504 5 0 0 4 0 0 0 0 0
fn=_dl_assign_tls_modid
152 2 1 1 0 0 0 0 0 0
155 3 0 0 2 0 0 0 0 0
208 1 0 0 0 0 0 0 0 0
210 1 0 0 0 0 0 1 0 0
213 1 0 0 0 0 0 1 0 0
214 2 0 0 1 0 0 0 0 0
fn=_dl_count_modids
219 1 1 1 0 0 0 0 0 0
221 2 0 0 1 0 0 0 0 0
222 2 1 1 2 0 0 0 0 0
fn=_dl_determine_tlsoffset
243 6 1 1 0 0 0 4 0 0
244 2 0 0 0 0 0 0 0 0
245 1 0 0 0 0 0 0 0 0
246 1 0 0 0 0 0 0 0 0
249 3 0 0 1 0 0 0 0 0
252 2 1 1 1 0 0 0 0 0
286 1 0 0 0 0 0 0 0 0
288 10 0 0 2 0 0 0 0 0
290 2 0 0 1 0 0 0 0 0
292 3 0 0 1 0 0 0 0 0
293 2 1 1 1 0 0 0 0 0
295 2 0 0 0 0 0 0 0 0
297 5 0 0 1 0 0 0 0 0
313 8 0 0 0 0 0 0 0 0
315 2 0 0 0 0 0 0 0 0
316 2 1 1 0 0 0 0 0 0
325 1 0 0 0 0 0 1 0 0
328 1 1 1 0 0 0 1 0 0
329 6 1 1 1 0 0 0 0 0
331 2 0 0 0 0 0 1 0 0
381 1 0 0 0 0 0 1 0 0
382 6 0 0 5 0 0 0 0 0
fn=_dl_tls_initial_modid_limit_setup
1091 1 1 1 0 0 0 0 0 0
1092 1 0 0 1 0 0 0 0 0
1094 7 1 1 1 0 0 0 0 0
1096 4 0 0 2 0 0 0 0 0
1097 4 0 0 0 0 0 0 0 0
1100 2 0 0 1 0 0 0 0 0
1103 1 0 0 0 0 0 1 0 0
1104 1 0 0 1 0 0 0 0 0
fn=_dl_tls_static_surplus_init
104 3 0 0 0 0 0 0 0 0
118 6 1 1 0 0 0 3 0 0
122 6 0 0 1 0 0 1 0 0
123 7 1 1 1 0 0 1 0 0
129 1 0 0 0 0 0 0 0 0
131 3 0 0 0 0 0 0 0 0
134 1 0 0 0 0 0 0 0 0
136 1 0 0 0 0 0 1 0 0
138 3 0 0 0 0 0 1 0 0
139 5 0 0 4 0 0 0 0 0
fn=allocate_dtv
387 4 1 1 0 0 0 2 0 0
392 1 0 0 1 0 0 0 0 0
396 1 0 0 0 0 0 0 0 0
397 1 0 0 0 0 0 0 0 0
398 2 0 0 0 0 0 0 0 0
401 1 0 0 0 0 0 1 1 1
407 3 1 1 0 0 0 1 0 0
413 4 0 0 3 0 0 0 0 0
fl=/usr/src/debug/glibc-2.28-251.el8_10.14.x86_64/elf/../include/rtld-malloc.h
fn=_dl_allocate_tls_storage
56 1 0 0 1 0 0 1 0 0
fn=_dl_check_map_versions
44 8 0 0 4 0 0 4 0 0
fn=_dl_important_hwcaps
56 4 0 0 2 0 0 3 0 0
fn=_dl_init_paths
56 4 1 1 3 0 0 3 0 0
fn=_dl_map_object_deps
56 8 0 0 4 0 0 4 0 0
fn=_dl_new_object
44 16 1 1 4 0 0 8 1 1
56 9 1 1 3 0 0 3 0 0
fn=allocate_dtv
44 2 0 0 1 0 0 1 0 0
fn=fillin_rpath
50 57 0 0 19 0 0 19 0 0
56 38 0 0 19 0 0 19 0 0
fn=init_tls
44 2 0 0 1 0 0 1 0 0
fn=open_verify.constprop.9
50 9 1 1 3 0 0 3 0 0
fn=rtld_calloc
56 10 0 0 10 0 0 0 0 0
fl=/usr/src/debug/glibc-2.28-251.el8_10.14.x86_64/elf/../include/scratch_buffer.h
fn=_dl_map_object_deps
77 4 0 0 0 0 0 2 0 0
78 1 0 0 0 0 0 1 0 0
85 5 2 2 2 0 0 0 0 0
131 9 0 0 3 0 0 3 0 0
fl=/usr/src/debug/glibc-2.28-251.el8_10.14.x86_64/elf/../misc/sbrk.c
fn=sbrk
32 5 1 1 0 0 0 2 0 0
40 6 0 0 2 1 1 0 0 0
44 2 0 0 0 0 0 0 0 0
60 5 1 1 3 0 0 0 0 0
fl=/usr/src/debug/glibc-2.28-251.el8_10.14.x86_64/elf/../sysdeps/generic/dl-cache.h
fn=_dl_load_cache_lookup
185 5 1 1 0 0 0 0 0 0
fn=search_cache
116 10 0 0 0 0 0 0 0 0
fl=/usr/src/debug/glibc-2.28-251.el8_10.14.x86_64/elf/../sysdeps/generic/dl-hash.h
fn=__rtld_malloc_init_real
43 1 0 0 0 0 0 0 0 0
44 1 0 0 0 0 0 0 0 0
45 28 0 0 5 1 1 0 0 0
48 18 0 0 0 0 0 0 0 0
62 24 0 0 0 0 0 0 0 0
67 1 1 1 0 0 0 0 0 0
72 1 0 0 0 0 0 1 0 0
fl=/usr/src/debug/glibc-2.28-251.el8_10.14.x86_64/elf/../sysdeps/generic/ldsodefs.h
fn=_dl_relocate_object
126 369 1 1 123 0 0 0 0 0
fn=do_lookup_x
126 369 1 1 123 0 0 0 0 0
fl=/usr/src/debug/glibc-2.28-251.el8_10.14.x86_64/elf/../sysdeps/posix/dl-fileid.h
fn=_dl_map_object_from_fd
35 18 0 0 0 0 0 3 0 0
38 3 0 0 3 0 0 0 0 0
39 6 0 0 3 0 0 3 0 0
47 20 1 1 10 1 1 0 0 0
fl=/usr/src/debug/glibc-2.28-251.el8_10.14.x86_64/elf/../sysdeps/unix/sysv/linux/dl-osinfo.h
fn=dl_main
64 2 0 0 1 1 1 0 0 0
77 1 0 0 1 0 0 0 0 0
fl=/usr/src/debug/glibc-2.28-251.el8_10.14.x86_64/elf/../sysdeps/unix/sysv/linux/dl-sysdep.c
fn=_dl_discover_osversion
46 5 1 1 0 0 0 3 0 0
48 3 0 0 1 0 0 0 0 0
88 5 1 1 0 0 0 1 1 1
103 1 0 0 0 0 0 0 0 0
107 1 1 1 0 0 0 0 0 0
108 1 0 0 0 0 0 0 0 0
110 12 0 0 3 1 1 0 0 0
112 6 0 0 0 0 0 0 0 0
114 16 0 0 4 0 0 0 0 0
116 1 0 0 0 0 0 0 0 0
117 2 0 0 0 0 0 0 0 0
120 3 0 0 0 0 0 0 0 0
121 3 0 0 0 0 0 0 0 0
122 3 0 0 0 0 0 0 0 0
124 13 1 1 0 0 0 0 0 0
129 2 0 0 0 0 0 0 0 0
133 5 0 0 4 0 0 0 0 0
fn=_dl_sysdep_start
36 2 0 0 0 0 0 1 0 0
fl=/usr/src/debug/glibc-2.28-251.el8_10.14.x86_64/elf/../sysdeps/unix/sysv/linux/x86/cpu-features.c
fn=init_cpu_features.constprop.0
28 6 0 0 0 0 0 0 0 0
fl=/usr/src/debug/glibc-2.28-251.el8_10.14.x86_64/elf/../sysdeps/unix/sysv/linux/x86_64/brk.c
fn=brk
28 1 1 1 0 0 0 0 0 0
31 5 0 0 0 0 0 1 1 1
33 2 0 0 0 0 0 0 0 0
39 1 0 0 0 0 0 0 0 0
40 1 0 0 1 0 0 0 0 0
fl=/usr/src/debug/glibc-2.28-251.el8_10.14.x86_64/elf/../sysdeps/x86/cpu-features.c
fn=get_common_indices.constprop.1
321 3 1 1 0 0 0 1 0 0
328 5 0 0 0 0 0 3 1 1
332 1 0 0 0 0 0 1 0 0
333 4 0 0 0 0 0 1 0 0
334 4 1 1 0 0 0 1 0 0
335 4 0 0 0 0 0 1 0 0
336 3 0 0 0 0 0 1 0 0
337 2 0 0 1 0 0 0 0 0
344 2 0 0 1 0 0 0 0 0
346 9 1 1 0 0 0 4 0 0
351 8 1 1 0 0 0 4 2 2
358 2 0 0 1 0 0 0 0 0
359 7 0 0 0 0 0 4 1 1
365 2 0 0 1 0 0 0 0 0
371 2 1 1 2 0 0 0 0 0
fn=init_cpu_features.constprop.0
299 4 0 0 0 0 0 0 0 0
300 2 0 0 0 0 0 0 0 0
301 6 1 1 0 0 0 4 0 0
306 2 0 0 0 0 0 0 0 0
307 6 0 0 0 0 0 4 0 0
312 2 0 0 0 0 0 0 0 0
313 6 1 1 0 0 0 4 0 0
386 3 1 1 0 0 0 2 0 0
389 1 0 0 0 0 0 1 0 0
390 1 0 0 0 0 0 1 0 0
391 2 0 0 0 0 0 1 0 0
402 2 0 0 0 0 0 1 0 0
405 6 1 1 0 0 0 0 0 0
409 2 0 0 0 0 0 0 0 0
411 6 1 1 0 0 0 1 0 0
416 1 0 0 0 0 0 1 0 0
418 3 0 0 1 0 0 0 0 0
420 3 1 1 2 0 0 1 0 0
421 8 1 1 2 1 1 0 0 0
476 2 0 0 1 0 0 0 0 0
490 1 0 0 1 0 0 0 0 0
500 5 0 0 0 0 0 0 0 0
514 1 0 0 1 0 0 0 0 0
515 1 0 0 0 0 0 0 0 0
523 2 0 0 1 0 0 0 0 0
525 1 1 1 1 0 0 0 0 0
530 2 1 1 1 0 0 0 0 0
532 1 0 0 1 0 0 0 0 0
536 3 0 0 1 0 0 0 0 0
544 2 0 0 0 0 0 0 0 0
546 2 0 0 1 0 0 0 0 0
648 3 1 1 1 0 0 0 0 0
649 1 0 0 1 0 0 0 0 0
652 2 0 0 0 0 0 0 0 0
653 1 0 0 1 0 0 0 0 0
659 1 0 0 0 0 0 1 0 0
660 1 0 0 0 0 0 1 0 0
661 1 0 0 0 0 0 1 0 0
662 1 0 0 0 0 0 1 0 0
665 4 1 1 0 0 0 1 0 0
667 6 0 0 1 0 0 2 0 0
669 6 1 1 1 0 0 2 0 0
671 6 0 0 1 0 0 2 0 0
673 6 0 0 1 0 0 2 0 0
675 6 1 1 1 0 0 2 0 0
679 3 0 0 1 0 0 0 0 0
692 2 1 1 0 0 0 0 0 0
693 4 0 0 1 0 0 0 0 0
740 1 0 0 0 0 0 1 0 0
741 2 1 1 1 0 0 0 0 0
745 3 1 1 1 0 0 0 0 0
762 2 1 1 0 0 0 0 0 0
763 3 0 0 1 0 0 0 0 0
765 3 0 0 0 0 0 0 0 0
766 2 0 0 1 0 0 0 0 0
768 3 1 1 0 0 0 0 0 0
769 2 0 0 0 0 0 0 0 0
772 2 1 1 0 0 0 1 0 0
785 2 0 0 1 0 0 0 0 0
786 3 0 0 2 0 0 0 0 0
790 4 1 1 0 0 0 1 0 0
792 4 0 0 0 0 0 1 0 0
842 4 1 1 3 0 0 0 0 0
fn=update_usable.constprop.2
50 7 1 1 0 0 0 6 0 0
54 1 0 0 1 0 0 0 0 0
62 3 0 0 1 0 0 0 0 0
63 3 1 1 0 0 0 0 0 0
72 3 0 0 2 0 0 0 0 0
73 1 0 0 1 0 0 0 0 0
81 4 1 1 1 0 0 1 0 0
82 1 0 0 1 0 0 0 0 0
83 3 0 0 0 0 0 1 1 1
87 4 0 0 0 0 0 1 0 0
90 4 0 0 1 0 0 1 0 0
91 1 0 0 1 0 0 0 0 0
94 4 0 0 1 0 0 1 0 0
95 1 0 0 1 0 0 0 0 0
99 4 1 1 1 0 0 1 0 0
100 3 0 0 2 0 0 0 0 0
101 3 0 0 2 0 0 0 0 0
102 1 0 0 1 0 0 0 0 0
104 4 1 1 1 0 0 1 0 0
107 2 0 0 0 0 0 0 0 0
111 2 0 0 0 0 0 0 0 0
113 4 0 0 0 0 0 0 0 0
117 2 1 1 0 0 0 0 0 0
119 1 0 0 0 0 0 0 0 0
122 2 0 0 0 0 0 0 0 0
124 2 0 0 0 0 0 1 0 0
128 1 0 0 0 0 0 0 0 0
129 1 1 1 1 0 0 0 0 0
132 4 0 0 0 0 0 1 0 0
138 4 0 0 0 0 0 1 0 0
140 3 1 1 0 0 0 1 0 0
142 3 0 0 0 0 0 1 0 0
147 6 0 0 1 0 0 0 0 0
196 3 0 0 0 0 0 0 0 0
208 2 1 1 0 0 0 1 0 0
209 1 0 0 1 0 0 0 0 0
212 3 0 0 1 0 0 0 0 0
216 2 0 0 1 0 0 0 0 0
220 3 0 0 0 0 0 0 0 0
221 2 1 1 0 0 0 0 0 0
223 1 0 0 0 0 0 0 0 0
224 1 0 0 0 0 0 0 0 0
227 2 0 0 0 0 0 1 0 0
229 1 0 0 0 0 0 1 1 1
232 2 0 0 0 0 0 0 0 0
283 3 1 1 1 0 0 0 0 0
287 3 1 1 1 0 0 0 0 0
293 8 0 0 7 0 0 0 0 0
fl=/usr/src/debug/glibc-2.28-251.el8_10.14.x86_64/elf/../sysdeps/x86/dl-cet.c
fn=_dl_cet_check
245 1 1 1 0 0 0 0 0 0
246 1 0 0 0 0 0 0 0 0
fn=dl_cet_check
39 7 1 1 0 0 0 6 0 0
41 2 0 0 0 0 0 0 0 0
42 1 0 0 1 0 0 0 0 0
44 1 0 0 0 0 0 0 0 0
45 1 0 0 0 0 0 0 0 0
48 4 1 1 0 0 0 0 0 0
49 2 0 0 0 0 0 0 0 0
54 1 0 0 1 0 0 0 0 0
59 2 0 0 0 0 0 0 0 0
228 8 1 1 7 0 0 0 0 0
fl=/usr/src/debug/glibc-2.28-251.el8_10.14.x86_64/elf/../sysdeps/x86/dl-get-cpu-features.c
fn=__x86_cpu_features
38 3 0 0 1 0 0 0 0 0
42 3 2 1 1 0 0 0 0 0
fn=_dl_x86_init_cpu_features
36 1 1 1 0 0 0 0 0 0
38 3 0 0 1 0 0 0 0 0
39 1 0 0 0 0 0 0 0 0
fl=/usr/src/debug/glibc-2.28-251.el8_10.14.x86_64/elf/../sysdeps/x86/dl-hwcap.h
fn=_dl_important_hwcaps
57 6 1 1 1 0 0 0 0 0
fl=/usr/src/debug/glibc-2.28-251.el8_10.14.x86_64/elf/../sysdeps/x86/dl-procinfo.h
fn=search_cache
39 4 0 0 0 0 0 0 0 0
42 14 2 2 0 0 0 4 0 0
fl=/usr/src/debug/glibc-2.28-251.el8_10.14.x86_64/elf/../sysdeps/x86/dl-prop.h
fn=_dl_process_pt_note
53 8 1 1 4 0 0 0 0 0
59 8 0 0 4 1 1 0 0 0
62 2 0 0 0 0 0 0 0 0
67 16 0 0 0 0 0 0 0 0
70 6 1 1 2 0 0 0 0 0
71 4 0 0 2 1 1 0 0 0
72 4 0 0 2 0 0 0 0 0
76 6 1 1 2 0 0 0 0 0
80 6 0 0 0 0 0 2 0 0
83 6 0 0 2 0 0 0 0 0
84 4 0 0 0 0 0 0 0 0
88 2 0 0 0 0 0 0 0 0
89 4 0 0 0 0 0 0 0 0
93 4 2 2 2 0 0 0 0 0
94 2 0 0 2 0 0 0 0 0
97 4 0 0 0 0 0 0 0 0
100 2 0 0 0 0 0 0 0 0
101 8 0 0 0 0 0 0 0 0
106 4 0 0 0 0 0 0 0 0
113 4 1 1 0 0 0 0 0 0
116 4 0 0 2 0 0 2 0 0
120 2 0 0 0 0 0 0 0 0
136 2 0 0 0 0 0 0 0 0
137 10 0 0 0 0 0 0 0 0
142 10 1 1 2 0 0 0 0 0
143 2 0 0 2 0 0 0 0 0
144 4 0 0 0 0 0 0 0 0
145 4 0 0 2 0 0 0 0 0
153 40 1 1 0 0 0 24 2 2
156 7 0 0 0 0 0 2 0 0
157 4 0 0 4 0 0 0 0 0
159 16 0 0 8 0 0 0 0 0
160 1 0 0 0 0 0 0 0 0
163 2 0 0 0 0 0 0 0 0
164 16 2 2 1 0 0 0 0 0
170 4 0 0 0 0 0 2 1 1
171 7 0 0 1 0 0 1 0 0
180 4 0 0 0 0 0 0 0 0
183 4 1 1 0 0 0 0 0 0
184 33 0 0 28 0 0 0 0 0
fn=dl_main
33 3 0 0 1 0 0 1 0 0
59 4 1 1 2 0 0 0 0 0
fl=/usr/src/debug/glibc-2.28-251.el8_10.14.x86_64/elf/../sysdeps/x86_64/dl-hwcaps-subdirs.c
fn=_dl_hwcaps_subdirs_active
27 1 1 1 0 0 0 0 0 0
33 8 1 1 1 0 0 0 0 0
34 4 0 0 1 0 0 0 0 0
40 1 0 0 0 0 0 0 0 0
44 5 0 0 0 0 0 0 0 0
47 5 1 1 1 0 0 0 0 0
49 4 0 0 0 0 0 0 0 0
50 2 0 0 0 0 0 0 0 0
53 1 0 0 0 0 0 0 0 0
57 2 1 1 0 0 0 0 0 0
60 2 0 0 0 0 0 0 0 0
62 1 0 0 0 0 0 0 0 0
66 1 0 0 1 0 0 0 0 0
fl=/usr/src/debug/glibc-2.28-251.el8_10.14.x86_64/elf/../sysdeps/x86_64/dl-irel.h
fn=_dl_fixup
32 1 1 1 0 0 0 1 0 0
fl=/usr/src/debug/glibc-2.28-251.el8_10.14.x86_64/elf/../sysdeps/x86_64/dl-machine.h
fn=_dl_fixup
239 9 0 0 0 0 0 9 0 0
fn=_dl_relocate_object
76 9 0 0 2 0 0 0 0 0
82 2 0 0 2 1 0 0 0 0
86 3 1 1 1 1 1 0 0 0
92 1 0 0 0 0 0 1 0 0
100 3 0 0 1 0 0 0 0 0
120 2 0 0 1 0 0 0 0 0
122 3 0 0 0 0 0 1 0 0
124 4 0 0 1 1 0 0 0 0
274 280 1 1 0 0 0 0 0 0
295 280 0 0 0 0 0 0 0 0
299 280 0 0 0 0 0 0 0 0
306 6299 11 11 1297 97 84 966 3 0
307 1392 5 5 633 1 0 0 0 0
310 585 2 2 0 0 0 0 0 0
312 386 0 0 0 0 0 0 0 0
331 840 0 0 140 3 3 0 0 0
427 57 1 1 19 0 0 0 0 0
431 76 0 0 19 1 0 0 0 0
436 57 0 0 38 3 3 0 0 0
445 76 1 1 38 0 0 19 8 8
455 351 2 2 232 13 13 119 20 17
456 119 0 0 119 0 0 0 0 0
468 2 0 0 2 0 0 0 0 0
479 20 1 1 0 0 0 10 0 0
489 12 0 0 0 0 0 4 0 0
495 6 1 1 2 0 0 0 0 0
499 14 1 1 8 1 1 4 0 0
501 8 0 0 6 0 0 0 0 0
502 2 0 0 0 0 0 0 0 0
512 130 1 1 130 0 0 0 0 0
513 65 0 0 0 0 0 65 0 0
514 65 0 0 0 0 0 65 3 2
533 3657 0 0 1219 152 152 0 0 0
538 2438 0 0 0 0 0 0 0 0
539 3657 0 0 1219 153 153 1219 229 224
549 34 0 0 17 0 0 0 0 0
553 34 0 0 0 0 0 0 0 0
556 51 0 0 17 0 0 0 0 0
557 17 0 0 17 2 2 0 0 0
561 25 1 1 20 1 0 0 0 0
fn=_dl_start
58 3 0 0 1 1 1 0 0 0
271 6 0 0 0 0 0 0 0 0
299 12 0 0 0 0 0 0 0 0
307 60 1 1 24 5 5 0 0 0
310 12 0 0 0 0 0 0 0 0
331 34 0 0 5 1 1 0 0 0
351 10 1 1 5 0 0 5 0 0
352 5 0 0 0 0 0 0 0 0
419 1 1 1 0 0 0 0 0 0
538 100 0 0 50 6 6 0 0 0
539 150 0 0 50 6 6 50 29 29
fn=_dl_sysdep_start
225 1 0 0 0 0 0 1 0 0
fl=/usr/src/debug/glibc-2.28-251.el8_10.14.x86_64/elf/../sysdeps/x86_64/dl-runtime.h
fn=_dl_fixup
28 9 0 0 0 0 0 0 0 0
fl=/usr/src/debug/glibc-2.28-251.el8_10.14.x86_64/elf/../sysdeps/x86_64/dl-trampoline.h
fn=_dl_runtime_resolve_xsave
67 9 1 1 0 0 0 0 0 0
72 9 0 0 0 0 0 9 0 0
75 9 0 0 0 0 0 0 0 0
77 9 0 0 0 0 0 0 0 0
87 9 0 0 9 4 0 0 0 0
93 9 0 0 0 0 0 9 4 0
94 9 0 0 0 0 0 9 0 0
95 9 0 0 0 0 0 9 0 0
96 9 0 0 0 0 0 9 0 0
97 9 0 0 0 0 0 9 0 0
98 9 0 0 0 0 0 9 0 0
99 9 0 0 0 0 0 9 0 0
103 9 0 0 0 0 0 0 0 0
104 9 0 0 0 0 0 0 0 0
107 9 1 1 0 0 0 9 5 1
108 9 0 0 0 0 0 9 0 0
110 9 0 0 0 0 0 9 0 0
111 9 0 0 0 0 0 9 0 0
112 9 0 0 0 0 0 9 0 0
113 9 0 0 0 0 0 9 0 0
114 9 0 0 0 0 0 9 0 0
115 9 0 0 0 0 0 9 0 0
117 9 1 1 9 0 0 297 39 4
124 9 0 0 9 0 0 0 0 0
125 9 0 0 9 0 0 0 0 0
126 9 0 0 0 0 0 9 4 0
127 9 0 0 0 0 0 0 0 0
132 9 0 0 0 0 0 0 0 0
133 9 0 0 0 0 0 0 0 0
134 9 0 0 324 0 0 0 0 0
136 9 0 0 9 0 0 0 0 0
137 9 0 0 9 0 0 0 0 0
138 9 0 0 9 0 0 0 0 0
139 9 0 0 9 0 0 0 0 0
140 9 0 0 9 0 0 0 0 0
141 9 0 0 9 0 0 0 0 0
142 9 0 0 9 0 0 0 0 0
144 9 1 1 0 0 0 0 0 0
146 9 0 0 9 0 0 0 0 0
150 9 0 0 0 0 0 0 0 0
153 9 0 0 0 0 0 0 0 0
fl=/usr/src/debug/glibc-2.28-251.el8_10.14.x86_64/elf/./dl-hwcaps.h
fn=_dl_important_hwcaps
54 4 0 0 1 0 0 2 0 0
56 5 1 1 2 0 0 2 0 0
88 2 0 0 1 0 0 1 0 0
89 3 0 0 1 0 0 1 0 0
fn=copy_hwcaps.isra.1
54 2 0 0 0 0 0 2 0 0
56 4 1 1 0 0 0 2 0 0
88 2 0 0 0 0 0 2 0 0
89 4 0 0 0 0 0 2 0 0
fn=update_hwcaps_counts
54 2 0 0 0 0 0 2 0 0
56 4 0 0 0 0 0 2 0 0
88 2 0 0 0 0 0 2 0 0
89 4 0 0 0 0 0 2 0 0
fl=/usr/src/debug/glibc-2.28-251.el8_10.14.x86_64/elf/./dl-load.h
fn=_dl_map_object_from_fd
90 16 0 0 8 0 0 0 0 0
91 9 0 0 6 0 0 3 0 0
93 16 0 0 8 1 1 0 0 0
94 8 1 1 4 0 0 0 0 0
95 12 1 1 4 0 0 0 0 0
96 8 0 0 2 0 0 0 0 0
98 8 0 0 0 0 0 2 0 0
fl=/usr/src/debug/glibc-2.28-251.el8_10.14.x86_64/elf/./dl-main.h
fn=dl_main
109 5 0 0 4 0 0 1 0 0
fl=/usr/src/debug/glibc-2.28-251.el8_10.14.x86_64/elf/./dl-map-segments.h
fn=_dl_map_object_from_fd
50 6 0 0 3 0 0 0 0 0
56 24 1 1 9 0 0 9 0 0
60 9 0 0 3 0 0 0 0 0
63 9 0 0 3 0 0 3 0 0
64 6 0 0 0 0 0 3 0 0
66 6 0 0 3 0 0 0 0 0
73 28 1 1 10 0 0 4 0 0
80 6 1 1 6 0 0 0 0 0
90 40 0 0 8 0 0 0 0 0
92 30 0 0 15 0 0 5 0 0
94 60 1 1 25 0 0 10 0 0
104 32 1 1 16 0 0 0 0 0
110 6 0 0 3 0 0 0 0 0
111 3 0 0 0 0 0 0 0 0
112 9 0 0 3 0 0 0 0 0
113 6 0 0 0 0 0 0 0 0
115 6 0 0 0 0 0 0 0 0
120 6 0 0 0 0 0 0 0 0
123 6 0 0 3 0 0 0 0 0
131 24 1 1 0 0 0 12 0 0
132 9 0 0 9 0 0 0 0 0
137 6 0 0 0 0 0 0 0 0
141 9 1 1 1 0 0 2 0 0
144 3 0 0 1 0 0 0 0 0
149 8 1 1 0 0 0 0 0 0
fl=/usr/src/debug/glibc-2.28-251.el8_10.14.x86_64/elf/./dl-sym-post.h
fn=lookup_malloc_symbol
41 8 0 0 0 0 0 0 0 0
53 12 0 0 4 0 0 0 0 0
60 4 0 0 4 0 0 0 0 0
fl=/usr/src/debug/glibc-2.28-251.el8_10.14.x86_64/elf/dl-audit.c
fn=_dl_audit_activity_map
29 6 1 1 0 0 0 4 0 0
30 1 0 0 1 0 0 0 0 0
31 3 0 0 1 0 0 0 0 0
37 6 1 1 5 0 0 0 0 0
fn=_dl_audit_activity_nsid
41 18 2 0 0 0 0 12 0 0
45 12 2 1 3 1 0 0 0 0
47 9 0 0 3 1 0 0 0 0
51 18 0 0 15 0 0 0 0 0
fn=_dl_audit_objclose
97 5 1 1 0 0 0 0 0 0
98 20 0 0 10 0 0 0 0 0
fn=_dl_audit_objopen
77 3 1 1 0 0 0 0 0 0
78 12 0 0 6 0 0 0 0 0
fn=_dl_audit_preinit
118 1 1 1 0 0 0 0 0 0
119 4 0 0 2 0 0 0 0 0
fl=/usr/src/debug/glibc-2.28-251.el8_10.14.x86_64/elf/dl-cache.c
fn=_dl_cache_libcmp
360 21 1 1 0 0 0 0 0 0
361 420 0 0 210 21 21 0 0 0
363 412 0 0 0 0 0 0 0 0
365 4 0 0 0 0 0 0 0 0
371 6 0 0 0 0 0 0 0 0
372 6 0 0 0 0 0 0 0 0
373 8 1 1 2 0 0 0 0 0
375 8 0 0 2 0 0 0 0 0
377 4 0 0 0 0 0 0 0 0
383 202 1 1 0 0 0 0 0 0
385 202 0 0 0 0 0 0 0 0
386 38 0 0 19 0 0 0 0 0
389 82 0 0 0 0 0 0 0 0
390 82 0 0 0 0 0 0 0 0
393 6 0 0 2 0 0 0 0 0
fn=_dl_load_cache_lookup
406 12 1 1 0 0 0 4 0 0
408 4 0 0 2 0 0 0 0 0
411 6 0 0 2 1 1 0 0 0
414 6 1 1 0 0 0 2 0 0
422 6 1 1 2 0 0 0 0 0
423 8 1 1 3 1 1 0 0 0
426 7 0 0 0 0 0 0 0 0
427 1 0 0 1 0 0 0 0 0
429 1 0 0 1 0 0 0 0 0
434 1 1 1 0 0 0 1 0 0
435 2 0 0 0 0 0 1 0 0
480 3 0 0 1 0 0 0 0 0
485 6 1 1 2 0 0 0 0 0
488 10 0 0 2 0 0 2 0 0
503 4 0 0 2 0 0 0 0 0
507 4 0 0 0 0 0 0 0 0
515 36 3 3 2 0 0 2 0 0
516 8 0 0 0 0 0 2 0 0
517 4 0 0 0 0 0 2 0 0
518 6 0 0 6 0 0 0 0 0
fn=_dl_unload_cache
527 2 1 1 0 0 0 0 0 0
528 4 0 0 1 1 0 0 0 0
530 2 0 0 1 0 0 1 0 0
531 1 0 0 0 0 0 1 0 0
535 1 1 1 0 0 0 1 0 0
537 2 0 0 1 0 0 0 0 0
fn=search_cache
190 23 0 0 0 0 0 0 0 0
202 26 2 2 0 0 0 20 0 0
204 2 0 0 2 0 0 0 0 0
206 2 0 0 0 0 0 0 0 0
207 14 1 1 2 0 0 6 0 0
209 18 1 1 4 0 0 6 0 0
210 6 0 0 2 0 0 0 0 0
212 14 0 0 4 0 0 2 0 0
219 38 0 0 0 0 0 0 0 0
221 38 0 0 0 0 0 0 0 0
222 42 0 0 23 15 15 0 0 0
226 38 1 1 0 0 0 0 0 0
230 57 1 1 0 0 0 19 0 0
231 38 0 0 0 0 0 0 0 0
239 4 0 0 0 0 0 0 0 0
241 8 0 0 4 0 0 0 0 0
244 22 1 1 4 0 0 2 0 0
246 20 1 1 4 0 0 2 0 0
258 4 0 0 0 0 0 0 0 0
268 4 1 1 2 0 0 0 0 0
269 6 0 0 2 0 0 0 0 0
271 4 0 0 2 0 0 0 0 0
278 4 1 1 2 0 0 0 0 0
286 2 0 0 2 0 0 0 0 0
296 8 0 0 2 0 0 0 0 0
298 6 1 1 2 0 0 0 0 0
299 4 0 0 2 0 0 0 0 0
303 6 0 0 0 0 0 0 0 0
311 4 1 1 0 0 0 0 0 0
332 4 0 0 2 0 0 2 0 0
335 10 0 0 2 0 0 0 0 0
349 17 0 0 0 0 0 0 0 0
350 12 0 0 0 0 0 0 0 0
352 5 0 0 0 0 0 0 0 0
356 20 1 1 18 0 0 0 0 0
fl=/usr/src/debug/glibc-2.28-251.el8_10.14.x86_64/elf/dl-call-libc-early-init.c
fn=_dl_call_libc_early_init
27 4 1 1 0 0 0 2 0 0
29 2 0 0 0 0 0 0 0 0
33 7 1 1 0 0 0 1 0 0
37 2 0 0 0 0 0 0 0 0
39 4 0 0 3 0 0 0 0 0
40 2 0 0 0 0 0 0 0 0
41 3 0 0 2 0 0 0 0 0
fl=/usr/src/debug/glibc-2.28-251.el8_10.14.x86_64/elf/dl-debug.c
fn=_dl_debug_initialize
46 5 2 1 0 0 0 0 0 0
49 10 0 0 0 0 0 0 0 0
50 5 2 1 5 0 0 0 0 0
54 18 1 0 5 0 0 0 0 0
57 1 0 0 0 0 0 1 0 0
58 7 0 0 4 0 0 1 0 0
59 5 1 1 1 0 0 1 0 0
60 2 0 0 0 0 0 1 0 0
64 1 0 0 1 0 0 0 0 0
fn=_dl_debug_state
73 2 0 0 0 0 0 0 0 0
74 2 0 0 2 0 0 0 0 0
fl=/usr/src/debug/glibc-2.28-251.el8_10.14.x86_64/elf/dl-deps.c
fn=_dl_map_object_deps
144 4 0 0 0 0 0 2 0 0
145 2 0 0 0 0 0 2 0 0
146 7 1 1 0 0 0 2 0 0
148 3 0 0 0 0 0 1 0 0
152 8 0 0 2 0 0 2 0 0
159 12 2 2 0 0 0 8 0 0
160 20 2 2 1 0 0 0 0 0
176 11 1 1 1 0 0 1 0 0
177 1 0 0 1 0 0 0 0 0
180 2 0 0 1 0 0 1 0 0
198 2 1 1 1 0 0 1 0 0
199 2 0 0 0 0 0 1 0 0
200 2 1 1 0 0 0 2 0 0
202 12 0 0 8 0 0 0 0 0
206 5 0 0 0 0 0 0 0 0
209 10 0 0 5 0 0 5 0 0
213 20 1 1 5 0 0 5 0 0
214 32 2 2 14 1 1 0 0 0
217 9 0 0 0 0 0 0 0 0
221 9 1 1 3 0 0 3 0 0
224 18 0 0 9 0 0 0 0 0
226 9 1 1 6 0 0 3 0 0
231 3 0 0 0 0 0 3 0 0
232 3 0 0 0 0 0 3 0 0
233 6 0 0 3 0 0 3 0 0
234 6 1 1 3 0 0 3 0 0
237 342 1 1 90 0 0 3 0 0
238 165 0 0 0 0 0 0 0 0
244 45 2 2 10 0 0 5 0 0
246 5 0 0 0 0 0 5 0 0
248 20 2 2 10 0 0 5 0 0
249 10 0 0 5 0 0 0 0 0
258 5 0 0 5 0 0 0 0 0
260 10 0 0 5 0 0 0 0 0
265 21 1 1 3 0 0 0 0 0
268 3 0 0 0 0 0 3 0 0
269 3 0 0 0 0 0 3 0 0
270 3 0 0 0 0 0 3 0 0
271 6 1 1 3 0 0 3 0 0
273 3 0 0 3 0 0 0 0 0
275 15 0 0 3 0 0 6 0 0
279 15 0 0 5 0 0 0 0 0
280 9 0 0 0 0 0 3 0 0
282 228 0 0 0 0 0 0 0 0
287 3 0 0 0 0 0 2 0 0
303 8 0 0 0 0 0 4 0 0
380 8 1 1 0 0 0 4 0 0
433 15 1 1 5 0 0 0 0 0
435 9 0 0 0 0 0 3 0 0
438 6 0 0 0 0 0 0 0 0
439 6 0 0 0 0 0 0 0 0
445 3 0 0 0 0 0 3 0 0
446 15 0 0 3 0 0 3 0 0
447 15 0 0 0 0 0 3 0 0
450 3 0 0 0 0 0 3 0 0
451 3 0 0 3 0 0 0 0 0
455 20 1 1 10 0 0 0 0 0
457 5 1 1 5 0 0 0 0 0
458 24 0 0 6 0 0 0 0 0
464 6 0 0 2 0 0 0 0 0
465 1 0 0 0 0 0 1 0 0
468 4 0 0 1 0 0 1 0 0
479 3 1 1 1 0 0 0 0 0
481 2 0 0 0 0 0 0 0 0
486 4 0 0 1 0 0 1 0 0
487 1 0 0 0 0 0 1 0 0
488 2 1 1 1 0 0 0 0 0
490 18 0 0 5 0 0 1 0 0
494 15 0 0 5 0 0 0 0 0
498 10 1 1 0 0 0 0 0 0
500 25 0 0 10 0 0 5 1 1
505 5 0 0 5 0 0 0 0 0
508 2 0 0 1 0 0 0 0 0
560 3 1 1 1 0 0 0 0 0
597 3 1 1 1 0 0 0 0 0
598 5 1 1 1 0 0 0 0 0
612 3 1 1 0 0 0 1 0 0
617 8 1 1 1 0 0 1 0 0
618 4 1 1 2 0 0 0 0 0
622 1 0 0 0 0 0 1 0 0
624 1 0 0 0 0 0 1 0 0
625 1 0 0 1 0 0 0 0 0
626 2 1 1 0 0 0 0 0 0
633 3 0 0 1 0 0 0 0 0
636 3 0 0 1 0 0 0 0 0
639 8 0 0 7 0 0 0 0 0
fn=openaux
61 15 1 1 0 0 0 5 0 0
64 50 0 0 20 0 0 10 1 1
65 10 0 0 5 0 0 0 0 0
68 5 0 0 5 0 0 0 0 0
69 10 0 0 10 0 0 0 0 0
fl=/usr/src/debug/glibc-2.28-251.el8_10.14.x86_64/elf/dl-environ.c
fn=_dl_next_ld_env_entry
28 3 1 1 0 0 0 0 0 0
29 3 0 0 3 0 0 0 0 0
32 601 0 0 200 0 0 0 0 0
34 398 0 0 199 0 0 0 0 0
35 36 0 0 18 0 0 0 0 0
37 2 0 0 0 0 0 0 0 0
40 4 0 0 0 0 0 2 0 0
42 2 1 1 2 0 0 0 0 0
45 197 0 0 0 0 0 0 0 0
49 1 0 0 1 0 0 0 0 0
fl=/usr/src/debug/glibc-2.28-251.el8_10.14.x86_64/elf/dl-error-skeleton.c
fn=_dl_catch_error
225 8 1 1 0 0 0 3 0 0
227 4 0 0 0 0 0 1 0 0
228 2 0 0 1 0 0 1 0 0
229 2 0 0 1 0 0 1 0 0
230 2 1 1 1 0 0 1 0 0
232 5 0 0 4 0 0 0 0 0
fn=_dl_catch_exception
175 48 2 2 6 0 0 30 3 3
178 12 0 0 0 0 0 0 0 0
199 12 0 0 6 0 0 6 1 1
200 12 0 0 0 0 0 6 0 0
203 12 0 0 0 0 0 6 0 0
206 42 0 0 0 0 0 6 0 0
208 18 1 1 12 0 0 6 0 0
209 12 0 0 6 0 0 6 0 0
210 24 0 0 6 0 0 12 0 0
219 24 0 0 12 0 0 0 0 0
fn=_dl_receive_error
238 4 0 0 0 0 0 2 0 0
239 1 0 0 1 0 0 0 0 0
240 1 0 0 1 0 0 0 0 0
243 1 1 1 0 0 0 1 0 0
244 1 0 0 0 0 0 1 0 0
246 2 0 0 0 0 0 1 0 0
248 1 0 0 0 0 0 1 0 0
249 1 0 0 0 0 0 1 0 0
250 4 0 0 3 0 0 0 0 0
fl=/usr/src/debug/glibc-2.28-251.el8_10.14.x86_64/elf/dl-fini.c
fn=_dl_fini
30 9 1 1 0 0 0 6 0 0
47 6 1 1 0 0 0 1 0 0
50 7 0 0 1 1 0 0 0 0
53 2 1 1 1 1 0 1 0 0
55 1 0 0 1 1 0 0 0 0
58 2 0 0 0 0 0 0 0 0
60 6 0 0 3 0 0 0 0 0
65 1 0 0 0 0 0 1 0 0
67 3 0 0 0 0 0 1 0 0
72 17 3 3 1 0 0 0 0 0
77 19 0 0 6 0 0 0 0 0
79 10 0 0 5 1 0 0 0 0
81 10 0 0 0 0 0 0 0 0
83 10 0 0 0 0 0 5 0 0
84 5 0 0 0 0 0 5 4 0
85 5 1 1 0 0 0 0 0 0
89 5 0 0 5 1 0 0 0 0
91 6 0 0 0 0 0 0 0 0
92 6 0 0 0 0 0 0 0 0
98 6 1 1 0 0 0 2 0 0
107 2 0 0 1 0 0 1 0 0
112 22 0 0 6 0 0 1 0 0
114 5 1 1 5 0 0 0 0 0
116 15 0 0 5 0 0 0 0 0
119 10 0 0 0 0 0 5 0 0
122 15 0 0 5 5 0 0 0 0
123 6 1 1 2 2 0 0 0 0
126 6 0 0 3 0 0 0 0 0
137 12 0 0 6 4 0 3 0 0
138 3 1 1 3 0 0 0 0 0
139 6 0 0 3 0 0 0 0 0
140 24 0 0 6 2 0 0 0 0
141 3 0 0 3 3 0 3 0 0
145 6 1 1 0 0 0 0 0 0
146 9 0 0 6 1 0 3 0 0
152 10 0 0 0 0 0 5 0 0
157 5 0 0 5 0 0 0 0 0
161 5 0 0 1 0 0 1 0 0
167 6 1 1 2 0 0 0 0 0
173 2 0 0 1 0 0 0 0 0
180 8 0 0 7 0 0 0 0 0
fl=/usr/src/debug/glibc-2.28-251.el8_10.14.x86_64/elf/dl-hwcaps.c
fn=_dl_important_hwcaps
100 3 0 0 0 0 0 1 0 0
102 2 0 0 0 0 0 0 0 0
105 1 0 0 0 0 0 1 0 0
108 1 0 0 0 0 0 0 0 0
112 4 1 1 0 0 0 1 0 0
125 12 1 1 0 0 0 3 0 0
127 10 0 0 4 0 0 2 0 0
128 4 0 0 2 0 0 2 0 0
129 4 0 0 0 0 0 2 0 0
130 2 0 0 0 0 0 0 0 0
133 2 0 0 0 0 0 0 0 0
142 16 2 2 8 0 0 3 0 0
143 2 0 0 0 0 0 0 0 0
151 2 0 0 2 0 0 0 0 0
155 7 1 1 2 0 0 1 0 0
156 2 0 0 0 0 0 0 0 0
157 4 0 0 0 0 0 0 0 0
161 1 0 0 1 0 0 0 0 0
162 2 0 0 1 0 0 1 0 0
163 4 0 0 0 0 0 3 0 0
172 15 2 2 0 0 0 10 1 1
173 7 0 0 1 0 0 2 0 0
175 2 0 0 1 0 0 1 0 0
176 4 0 0 1 0 0 1 0 0
184 3 1 1 0 0 0 2 0 0
185 3 0 0 0 0 0 2 0 0
186 6 0 0 0 0 0 1 0 0
187 5 1 1 0 0 0 1 0 0
189 1 0 0 1 0 0 0 0 0
195 1 0 0 1 0 0 0 0 0
196 7 1 1 2 0 0 2 0 0
200 19 1 1 3 0 0 0 0 0
201 7 0 0 2 0 0 2 1 1
202 2 0 0 0 0 0 0 0 0
208 17 2 2 1 0 0 2 0 0
209 2 0 0 0 0 0 0 0 0
210 11 1 1 3 0 0 2 0 0
211 4 0 0 2 0 0 2 0 0
213 1 0 0 0 0 0 1 0 0
214 2 0 0 0 0 0 2 0 0
215 5 0 0 0 0 0 0 0 0
216 2 0 0 0 0 0 0 0 0
218 3 0 0 1 0 0 0 0 0
220 2 1 1 0 0 0 1 0 0
221 2 0 0 1 0 0 1 0 0
222 3 0 0 0 0 0 0 0 0
225 5 0 0 0 0 0 1 0 0
226 1 0 0 0 0 0 1 0 0
229 2 0 0 1 0 0 0 0 0
233 5 1 1 1 0 0 1 0 0
234 1 0 0 0 0 0 0 0 0
237 3 0 0 1 0 0 0 0 0
238 2 0 0 0 0 0 0 0 0
240 3 0 0 0 0 0 0 0 0
241 3 0 0 0 0 0 0 0 0
242 5 1 1 1 0 0 0 0 0
243 2 0 0 0 0 0 0 0 0
247 1 1 1 0 0 0 0 0 0
250 2 0 0 0 0 0 0 0 0
254 11 1 1 2 0 0 3 1 1
261 3 0 0 1 0 0 0 0 0
262 2 0 0 0 0 0 0 0 0
269 1 0 0 0 0 0 1 0 0
270 4 1 1 1 0 0 1 0 0
271 8 0 0 2 0 0 1 0 0
272 6 1 1 3 0 0 1 0 0
275 1 0 0 1 0 0 0 0 0
276 1 0 0 1 0 0 0 0 0
283 2 0 0 0 0 0 0 0 0
285 1 0 0 0 0 0 1 0 0
307 2 0 0 0 0 0 1 0 0
310 15 1 1 2 0 0 4 0 0
317 2 0 0 2 0 0 0 0 0
320 2 0 0 0 0 0 0 0 0
323 10 0 0 4 0 0 4 0 0
326 11 1 1 3 0 0 0 0 0
327 23 1 1 2 0 0 4 0 0
328 7 1 1 2 0 0 2 0 0
331 10 0 0 2 0 0 4 0 0
333 6 0 0 2 0 0 0 0 0
338 25 0 0 0 0 0 0 0 0
339 24 1 1 0 0 0 8 1 1
343 18 1 1 1 0 0 0 0 0
346 36 0 0 0 0 0 0 0 0
347 96 0 0 0 0 0 0 0 0
348 48 0 0 24 0 0 12 0 0
350 9 1 1 0 0 0 0 0 0
353 3 0 0 1 0 0 0 0 0
354 2 0 0 0 0 0 0 0 0
355 14 0 0 1 0 0 0 0 0
357 6 1 1 0 0 0 0 0 0
358 2 0 0 2 0 0 0 0 0
360 1 0 0 1 0 0 0 0 0
361 4 0 0 0 0 0 2 0 0
368 19 1 1 6 0 0 4 0 0
369 4 0 0 0 0 0 0 0 0
371 8 0 0 0 0 0 0 0 0
374 2 0 0 2 0 0 0 0 0
375 4 0 0 1 0 0 1 0 0
380 9 0 0 8 0 0 0 0 0
fn=copy_hwcaps.isra.1
72 14 0 0 0 0 0 8 0 0
77 16 1 1 0 0 0 4 0 0
79 6 0 0 4 0 0 2 1 1
80 16 0 0 4 0 0 8 2 2
84 2 0 0 0 0 0 2 0 0
85 2 0 0 2 0 0 0 0 0
86 6 0 0 2 0 0 2 0 0
87 4 0 0 0 0 0 2 0 0
88 4 0 0 0 0 0 2 0 0
90 12 0 0 10 0 0 0 0 0
fn=update_hwcaps_counts
49 8 1 1 0 0 0 4 1 1
52 16 1 1 0 0 0 4 0 0
54 2 0 0 2 0 0 0 0 0
55 4 0 0 4 0 0 0 0 0
56 4 0 0 2 0 0 0 0 0
57 2 0 0 0 0 0 1 0 0
59 8 0 0 6 0 0 0 0 0
fl=/usr/src/debug/glibc-2.28-251.el8_10.14.x86_64/elf/dl-hwcaps_split.c
fn=_dl_hwcaps_contains
66 6 1 1 0 0 0 0 0 0
67 12 0 0 0 0 0 0 0 0
68 6 0 0 0 0 0 0 0 0
77 6 0 0 6 0 0 0 0 0
fn=_dl_hwcaps_split
25 1 0 0 0 0 0 0 0 0
26 3 0 0 1 0 0 0 0 0
47 2 0 0 1 0 0 0 0 0
fn=_dl_hwcaps_split.part.1
24 36 0 0 0 0 0 24 0 0
34 84 0 0 30 1 1 0 0 0
35 12 0 0 0 0 0 6 0 0
36 33 1 1 0 0 0 0 0 0
37 12 0 0 0 0 0 0 0 0
41 27 0 0 0 0 0 9 0 0
42 18 0 0 0 0 0 0 0 0
43 9 0 0 0 0 0 6 0 0
45 12 0 0 0 0 0 6 0 0
46 9 1 1 0 0 0 0 0 0
47 48 0 0 36 0 0 0 0 0
fn=_dl_hwcaps_split_masked
26 42 0 0 14 0 0 0 0 0
30 36 0 0 12 0 0 12 0 0
34 12 0 0 0 0 0 12 2 2
51 33 1 1 0 0 0 11 0 0
54 24 0 0 0 0 0 0 0 0
55 5 1 1 0 0 0 0 0 0
56 9 0 0 9 0 0 0 0 0
57 27 0 0 0 0 0 9 0 0
58 54 0 0 18 0 0 6 0 0
62 22 0 0 22 0 0 0 0 0
fl=/usr/src/debug/glibc-2.28-251.el8_10.14.x86_64/elf/dl-init.c
fn=_dl_init
30 25 1 1 6 0 0 1 0 0
79 12 1 1 0 0 0 6 0 0
80 1 1 1 1 1 0 0 0 0
81 1 0 0 1 0 0 0 0 0
84 3 0 0 1 0 0 0 0 0
87 2 0 0 0 0 0 1 0 0
92 2 0 0 0 0 0 0 0 0
117 1 0 0 1 0 0 0 0 0
118 22 0 0 0 0 0 4 0 0
119 15 1 1 10 0 0 0 0 0
122 2 0 0 0 0 0 1 0 0
123 8 0 0 7 0 0 0 0 0
fn=call_init.part.0
28 32 0 0 0 0 0 20 0 0
36 15 1 1 5 0 0 5 0 0
39 20 0 0 10 4 0 0 0 0
40 3 1 1 1 0 0 0 0 0
44 16 0 0 4 2 0 0 0 0
45 3 0 0 1 0 0 0 0 0
49 6 1 1 3 0 0 0 0 0
58 21 0 0 9 3 0 3 0 0
62 6 0 0 0 0 0 0 0 0
68 9 0 0 6 2 0 0 0 0
70 6 0 0 6 1 0 0 0 0
71 24 1 1 0 0 0 0 0 0
72 12 0 0 3 0 0 3 0 0
74 24 0 0 24 0 0 0 0 0
fl=/usr/src/debug/glibc-2.28-251.el8_10.14.x86_64/elf/dl-load.c
fn=_dl_dst_count
236 144 1 1 0 0 0 120 2 2
239 48 0 0 0 0 0 24 0 0
242 48 0 0 0 0 0 0 0 0
243 24 0 0 0 0 0 0 0 0
262 168 0 0 144 0 0 0 0 0
fn=_dl_init_paths
688 11 1 1 0 0 0 5 0 0
702 4 0 0 0 0 0 2 1 1
707 1 0 0 0 0 0 1 0 0
709 2 0 0 0 0 0 0 0 0
716 5 1 1 0 0 0 0 0 0
717 2 0 0 1 0 0 0 0 0
721 4 0 0 0 0 0 1 0 0
723 4 0 0 2 0 0 0 0 0
729 1 0 0 0 0 0 1 0 0
730 1 0 0 0 0 0 1 0 0
738 3 0 0 0 0 0 2 0 0
740 3 0 0 0 0 0 2 1 1
741 2 0 0 0 0 0 2 0 0
743 4 1 1 0 0 0 2 0 0
744 2 1 1 0 0 0 2 1 1
749 67 1 1 1 0 0 0 0 0
750 20 0 0 0 0 0 20 1 1
752 4 0 0 0 0 0 2 0 0
758 1 1 1 0 0 0 1 0 0
759 1 0 0 0 0 0 1 0 0
764 1 0 0 1 0 0 0 0 0
767 3 0 0 0 0 0 0 0 0
769 4 0 0 1 0 0 0 0 0
771 3 0 0 1 0 0 0 0 0
788 2 0 0 0 0 0 1 0 0
790 3 1 1 1 0 0 0 0 0
804 2 1 1 0 0 0 1 0 0
807 4 1 1 1 0 0 0 0 0
809 22 3 3 1 0 0 2 1 1
813 2 0 0 0 0 0 0 0 0
814 4757 1 1 1189 0 0 0 0 0
815 4770 0 0 0 0 0 0 0 0
816 36 0 0 0 0 0 0 0 0
818 1 0 0 0 0 0 1 0 0
820 2 0 0 0 0 0 0 0 0
826 7 1 1 0 0 0 1 0 0
829 3 0 0 2 0 0 0 0 0
835 1 0 0 0 0 0 1 0 0
839 7 0 0 6 0 0 0 0 0
fn=_dl_map_object
664 18 2 2 6 0 0 0 0 0
1931 60 1 1 0 0 0 48 5 5
1933 3 1 1 0 0 0 3 0 0
1939 12 0 0 0 0 0 0 0 0
1940 24 1 1 6 1 1 0 0 0
1943 105 0 0 21 0 0 6 0 0
1948 126 1 1 36 0 0 0 0 0
1950 90 0 0 0 0 0 18 0 0
1954 30 0 0 15 0 0 0 0 0
1955 45 1 1 15 0 0 0 0 0
1958 6 0 0 6 0 0 0 0 0
1959 18 0 0 12 0 0 0 0 0
1960 30 0 0 0 0 0 6 0 0
1974 30 0 0 6 0 0 6 0 0
1983 9 0 0 3 0 0 0 0 0
1998 3 0 0 0 0 0 3 2 2
2000 15 0 0 0 0 0 3 0 0
2004 8 1 1 0 0 0 4 0 0
2006 4 0 0 2 0 0 0 0 0
2013 8 1 1 2 0 0 0 0 0
2017 6 1 1 2 0 0 2 0 0
2018 2 0 0 0 0 0 0 0 0
2022 6 0 0 2 0 0 0 0 0
2023 2 0 0 0 0 0 0 0 0
2025 20 0 0 0 0 0 10 0 0
2037 4 0 0 0 0 0 0 0 0
2038 22 1 1 4 0 0 2 0 0
2039 2 0 0 0 0 0 0 0 0
2048 4 1 1 0 0 0 0 0 0
2063 4 1 1 2 0 0 0 0 0
2064 30 1 1 2 0 0 8 0 0
2070 10 0 0 2 0 0 0 0 0
2071 2 0 0 0 0 0 0 0 0
2079 2 1 1 0 0 0 2 0 0
2093 4 0 0 0 0 0 0 0 0
2095 6 0 0 2 0 0 0 0 0
2099 6 0 0 0 0 0 2 0 0
2101 4 0 0 0 0 0 0 0 0
2105 4 1 1 0 0 0 0 0 0
2113 6 0 0 2 0 0 0 0 0
2136 18 0 0 0 0 0 4 0 0
2140 6 1 1 2 0 0 0 0 0
2141 4 0 0 0 0 0 2 0 0
2154 6 1 1 4 0 0 0 0 0
2158 4 1 1 2 0 0 0 0 0
2164 1 0 0 0 0 0 1 0 0
2165 3 1 1 0 0 0 1 0 0
2166 2 0 0 0 0 0 0 0 0
2167 3 0 0 0 0 0 0 0 0
2171 9 0 0 0 0 0 2 0 0
2174 3 1 1 1 0 0 0 0 0
2186 12 0 0 3 0 0 0 0 0
2188 8 0 0 0 0 0 0 0 0
2232 6 0 0 3 0 0 3 0 0
2233 45 1 1 9 0 0 15 0 0
2235 57 1 1 45 0 0 0 0 0
fn=_dl_map_object_from_fd
877 45 1 1 0 0 0 30 2 2
887 12 1 1 3 0 0 6 1 1
904 54 1 1 21 0 0 0 0 0
905 18 0 0 9 0 0 0 0 0
922 6 1 1 3 0 0 0 0 0
950 12 0 0 3 0 0 3 0 0
960 6 0 0 3 0 0 0 0 0
982 24 1 1 15 0 0 3 0 0
983 6 0 0 0 0 0 0 0 0
994 6 0 0 3 0 0 3 2 2
995 12 1 1 6 0 0 6 0 0
996 6 0 0 3 0 0 3 0 0
998 9 0 0 0 0 0 0 0 0
999 12 0 0 6 0 0 0 0 0
1000 3 0 0 0 0 0 0 0 0
1015 3 0 0 0 0 0 3 0 0
1017 3 0 0 0 0 0 3 0 0
1019 57 2 2 6 0 0 6 0 0
1020 3 0 0 0 0 0 0 0 0
1021 3 0 0 0 0 0 3 0 0
1027 221 0 0 29 0 0 0 0 0
1028 245 2 2 29 2 2 0 0 0
1034 6 1 1 3 0 0 0 0 0
1039 6 0 0 3 0 0 3 0 0
1040 18 0 0 6 0 0 3 0 0
1045 2 0 0 1 0 0 1 0 0
1046 1 0 0 0 0 0 0 0 0
1051 40 2 2 16 0 0 0 0 0
1056 56 0 0 16 0 0 0 0 0
1063 32 0 0 16 0 0 0 0 0
1074 16 0 0 0 0 0 0 0 0
1075 48 1 1 0 0 0 8 5 5
1076 32 0 0 0 0 0 8 0 0
1077 8 0 0 0 0 0 8 1 1
1078 24 0 0 16 0 0 8 0 0
1079 16 0 0 0 0 0 8 2 2
1083 16 1 1 0 0 0 0 0 0
1084 30 0 0 15 0 0 5 0 0
1088 16 0 0 0 0 0 0 0 0
1089 64 1 1 16 0 0 8 0 0
1099 8 0 0 0 0 0 0 0 0
1102 3 0 0 1 0 0 0 0 0
1106 1 0 0 0 0 0 1 1 1
1107 2 0 0 1 0 0 1 1 1
1108 3 0 0 1 0 0 0 0 0
1111 3 1 1 0 0 0 1 0 0
1112 2 0 0 1 0 0 1 0 0
1115 1 0 0 0 0 0 1 0 0
1120 4 0 0 1 0 0 0 0 0
1127 18 1 1 3 0 0 6 0 0
1135 6 0 0 3 0 0 3 0 0
1136 3 0 0 0 0 0 0 0 0
1139 6 1 1 3 0 0 3 1 1
1140 6 0 0 3 1 1 3 0 0
1141 3 0 0 0 0 0 0 0 0
1144 28 0 0 4 0 0 4 0 0
1152 6 1 1 0 0 0 0 0 0
1165 6 0 0 0 0 0 0 0 0
1175 30 1 1 12 0 0 6 0 0
1187 12 1 1 6 0 0 0 0 0
1196 9 0 0 3 0 0 3 0 0
1203 6 1 1 0 0 0 0 0 0
1204 6 0 0 0 0 0 0 0 0
1224 9 0 0 3 0 0 0 0 0
1243 6 1 1 3 0 0 3 0 0
1245 15 0 0 6 0 0 0 0 0
1293 9 0 0 3 2 2 0 0 0
1294 2 0 0 1 0 0 1 0 0
1297 12 1 1 3 0 0 3 0 0
1306 6 0 0 3 0 0 0 0 0
1308 12 0 0 6 0 0 3 0 0
1310 6 0 0 3 0 0 0 0 0
1326 6 0 0 0 0 0 3 0 0
1330 6 1 1 3 0 0 0 0 0
1331 6 0 0 3 0 0 0 0 0
1348 6 0 0 3 0 0 0 0 0
1349 1 0 0 0 0 0 1 0 0
1352 9 0 0 3 0 0 6 0 0
1357 6 1 1 3 0 0 0 0 0
1367 6 0 0 3 0 0 0 0 0
1374 24 0 0 9 1 1 0 0 0
1375 9 1 1 3 0 0 0 0 0
1376 29 0 0 30 3 3 0 0 0
1377 4 1 1 4 0 0 0 0 0
1378 2 0 0 0 0 0 1 0 0
1384 6 1 1 3 0 0 0 0 0
1385 4 0 0 1 0 0 0 0 0
1390 2 0 0 0 0 0 1 0 0
1397 9 0 0 3 0 0 3 0 0
1400 12 0 0 6 0 0 0 0 0
1419 6 0 0 0 0 0 0 0 0
1423 21 1 1 9 0 0 0 0 0
1424 12 0 0 3 0 0 3 0 0
1428 27 0 0 21 0 0 0 0 0
fn=expand_dynamic_string_token
383 133 1 1 0 0 0 76 1 1
393 38 0 0 0 0 0 19 0 0
396 38 0 0 0 0 0 0 0 0
397 38 0 0 0 0 0 0 0 0
408 95 1 1 76 0 0 0 0 0
fn=fillin_rpath
452 16 1 1 0 0 0 12 2 2
454 1 0 0 0 0 0 0 0 0
456 120 1 1 40 0 0 20 0 0
459 1 0 0 0 0 0 0 0 0
460 1 0 0 0 0 0 0 0 0
463 38 0 0 19 0 0 0 0 0
465 72 0 0 18 0 0 18 0 0
469 36 0 0 0 0 0 0 0 0
474 36 0 0 0 0 0 18 0 0
475 36 1 1 0 0 0 0 0 0
482 126 2 2 18 0 0 0 0 0
487 72 0 0 0 0 0 18 0 0
491 684 0 0 228 0 0 0 0 0
492 454 1 1 215 0 0 6 0 0
510 57 1 1 19 0 0 0 0 0
514 57 1 1 19 0 0 0 0 0
516 38 0 0 0 0 0 0 0 0
520 38 0 0 0 0 0 38 9 9
521 38 1 1 19 0 0 0 0 0
522 76 0 0 0 0 0 38 2 2
523 38 0 0 19 0 0 19 0 0
525 38 0 0 19 0 0 0 0 0
526 4 0 0 0 0 0 4 0 0
531 76 0 0 19 0 0 0 0 0
532 665 1 1 19 0 0 0 0 0
533 190 0 0 0 0 0 190 0 0
535 38 0 0 19 0 0 19 0 0
536 57 0 0 19 0 0 0 0 0
541 38 0 0 0 0 0 19 0 0
543 38 1 1 19 0 0 19 0 0
544 19 0 0 0 0 0 19 0 0
547 57 0 0 0 0 0 19 2 2
553 1 0 0 0 0 0 1 0 0
556 9 0 0 7 0 0 0 0 0
fn=open_path
1779 16 1 1 0 0 0 12 1 1
1780 4 0 0 2 0 0 2 1 1
1783 4 0 0 0 0 0 2 0 0
1784 2 0 0 0 0 0 2 0 0
1786 4 0 0 0 0 0 0 0 0
1791 56 4 4 10 1 1 12 0 0
1798 38 0 0 0 0 0 0 0 0
1803 152 0 0 38 0 0 38 0 0
1810 190 1 1 76 0 0 76 1 1
1811 1471 1 1 0 0 0 0 0 0
1814 760 0 0 380 0 0 0 0 0
1819 2387 1 1 1302 0 0 434 0 0
1822 434 0 0 0 0 0 217 0 0
1828 434 0 0 217 0 0 0 0 0
1831 1736 1 1 868 0 0 217 0 0
1833 651 0 0 217 0 0 0 0 0
1835 360 0 0 0 0 0 0 0 0
1840 360 1 1 180 0 0 0 0 0
1841 1440 0 0 720 0 0 0 0 0
1847 900 1 1 360 0 0 180 0 0
1849 1080 0 0 180 0 0 180 0 0
1850 34 0 0 17 1 1 0 0 0
1852 659 1 1 0 0 0 180 0 0
1859 148 0 0 0 0 0 0 0 0
1861 481 1 1 293 0 0 38 0 0
1869 76 0 0 0 0 0 38 0 0
1897 2 1 1 0 0 0 0 0 0
1900 256 1 1 36 0 0 0 0 0
1905 38 0 0 38 0 0 0 0 0
1907 190 1 1 114 0 0 0 0 0
1910 6 0 0 2 0 0 0 0 0
1924 18 0 0 14 0 0 0 0 0
fn=open_verify.constprop.9
1481 2640 1 1 0 0 0 1540 1 1
1520 660 0 0 220 0 0 0 0 0
1525 217 0 0 0 0 0 0 0 0
1539 1100 0 0 0 0 0 220 0 0
1541 440 1 1 0 0 0 0 0 0
1546 18 1 1 0 0 0 3 0 0
1552 3 0 0 0 0 0 3 0 0
1553 9 0 0 0 0 0 3 1 1
1554 3 0 0 0 0 0 3 0 0
1558 21 0 0 3 0 0 3 0 0
1560 6 1 1 0 0 0 0 0 0
1562 6 0 0 3 0 0 3 0 0
1564 6 0 0 0 0 0 0 0 0
1570 6 0 0 0 0 0 0 0 0
1586 54 4 4 29 3 3 0 0 0
1645 6 0 0 3 0 0 0 0 0
1650 6 0 0 3 0 0 0 0 0
1652 12 0 0 3 0 0 0 0 0
1658 6 0 0 3 1 1 0 0 0
1664 15 1 1 3 0 0 0 0 0
1665 12 0 0 3 0 0 0 0 0
1666 6 0 0 3 0 0 0 0 0
1687 108 0 0 0 0 0 0 0 0
1688 48 1 1 22 10 10 0 0 0
1701 6 0 0 0 0 0 0 0 0
1704 8 0 0 4 0 0 0 0 0
1705 6 1 1 2 0 0 0 0 0
1729 24 0 0 16 3 3 0 0 0
1731 2 0 0 0 0 0 0 0 0
1732 24 1 1 4 0 0 0 0 0
1735 6 0 0 0 0 0 0 0 0
1740 2 0 0 0 0 0 0 0 0
1741 6 1 1 0 0 0 0 0 0
1744 4 1 1 0 0 0 0 0 0
1747 4 0 0 2 0 0 0 0 0
1748 8 0 0 2 0 0 0 0 0
1749 2 0 0 2 0 0 0 0 0
1750 8 0 0 2 0 0 0 0 0
1751 6 0 0 2 0 0 0 0 0
1765 1980 0 0 1540 0 0 0 0 0
fl=/usr/src/debug/glibc-2.28-251.el8_10.14.x86_64/elf/dl-lookup-direct.c
fn=_dl_lookup_direct
74 13 1 1 1 0 0 7 0 0
75 1 0 0 1 0 0 0 0 0
76 2 1 1 0 0 0 0 0 0
78 6 0 0 2 1 0 0 0 0
79 2 0 0 0 0 0 0 0 0
81 4 0 0 1 0 0 1 0 0
84 5 0 0 1 1 1 0 0 0
86 3 0 0 1 0 0 0 0 0
87 6 1 1 1 0 0 1 0 0
90 2 0 0 0 0 0 0 0 0
115 1 0 0 0 0 0 0 0 0
116 9 0 0 7 0 0 0 0 0
fn=check_match
31 5 1 1 0 0 0 5 0 0
32 1 0 0 1 0 0 0 0 0
33 4 0 0 1 0 0 0 0 0
35 2 0 0 1 1 1 0 0 0
36 2 0 0 1 0 0 0 0 0
48 4 1 1 1 0 0 1 0 0
51 1 0 0 1 0 0 0 0 0
53 8 0 0 2 0 0 1 0 0
57 2 0 0 2 1 1 0 0 0
58 6 1 1 2 0 0 0 0 0
59 3 0 0 1 0 0 1 0 0
61 3 0 0 0 0 0 0 0 0
64 7 0 0 6 0 0 0 0 0
fl=/usr/src/debug/glibc-2.28-251.el8_10.14.x86_64/elf/dl-lookup.c
fn=_dl_lookup_symbol_x
592 266 0 0 0 0 0 0 0 0
593 7749 0 0 1904 117 108 0 0 0
594 7084 1 1 0 0 0 0 0 0
609 246 1 1 0 0 0 0 0 0
852 1862 1 1 0 0 0 1064 15 0
854 266 0 0 0 0 0 133 0 0
855 266 0 0 0 0 0 266 0 0
858 133 0 0 133 5 0 0 0 0
862 508 1 1 121 0 0 0 0 0
864 1064 1 1 266 0 0 399 0 0
865 665 0 0 532 7 0 0 0 0
871 326 0 0 20 0 0 0 0 0
872 2251 1 1 788 0 0 931 5 0
877 266 0 0 133 0 0 0 0 0
879 60 1 1 10 0 0 0 0 0
896 10 1 1 0 0 0 10 0 0
897 20 0 0 0 0 0 0 0 0
901 968 1 1 242 0 0 0 0 0
941 492 0 0 123 0 0 0 0 0
955 369 0 0 123 8 0 0 0 0
956 2 1 1 0 0 0 1 0 0
958 369 1 1 123 0 0 0 0 0
963 246 0 0 123 0 0 123 0 0
965 1197 0 0 931 0 0 0 0 0
fn=_dl_setup_hash
972 5 1 1 0 0 0 0 0 0
975 15 0 0 5 0 0 0 0 0
977 5 0 0 5 0 0 0 0 0
979 10 0 0 5 5 5 5 0 0
980 5 0 0 5 0 0 0 0 0
981 5 0 0 5 2 2 0 0 0
983 15 0 0 0 0 0 0 0 0
984 5 1 1 0 0 0 5 0 0
985 15 0 0 5 0 0 5 0 0
987 5 0 0 0 0 0 5 0 0
988 10 0 0 0 0 0 0 0 0
990 5 0 0 0 0 0 5 0 0
992 15 0 0 0 0 0 5 0 0
997 5 0 0 5 0 0 0 0 0
fn=check_match
69 1107 1 1 369 35 28 492 6 0
72 861 1 1 123 8 8 0 0 0
77 123 0 0 0 0 0 0 0 0
85 984 0 0 123 0 0 123 8 0
88 501 0 0 102 0 0 51 0 0
92 123 1 1 123 5 0 0 0 0
93 246 0 0 0 0 0 0 0 0
95 242 0 0 0 0 0 0 0 0
114 242 0 0 242 18 10 0 0 0
115 968 1 1 363 7 0 0 0 0
116 605 1 1 242 0 0 121 0 0
143 4 0 0 0 0 0 0 0 0
145 12 1 1 4 1 1 0 0 0
146 8 0 0 0 0 0 0 0 0
161 738 0 0 615 0 0 0 0 0
fn=do_lookup_x
288 738 1 1 369 0 0 0 0 0
319 25 1 1 15 0 0 0 0 0
362 1729 1 1 266 0 0 1330 10 0
363 133 0 0 133 5 0 0 0 0
368 133 0 0 0 0 0 0 0 0
369 133 0 0 133 0 0 0 0 0
373 1086 1 1 1086 23 0 0 0 0
376 1086 0 0 543 0 0 0 0 0
380 2188 1 1 8 0 0 543 0 0
401 1082 0 0 541 18 0 0 0 0
405 1082 1 1 541 3 0 0 0 0
411 1623 0 0 541 10 0 0 0 0
415 541 0 0 0 0 0 541 0 0
416 541 0 0 0 0 0 541 0 0
419 1623 1 1 1082 32 0 541 0 0
420 1623 0 0 1082 10 0 541 0 0
423 541 0 0 541 0 0 0 0 0
424 1082 0 0 0 0 0 0 0 0
426 541 0 0 541 77 48 0 0 0
427 399 0 0 0 0 0 133 0 0
428 1082 0 0 1082 0 0 0 0 0
431 2705 0 0 1082 0 0 0 0 0
434 3787 0 0 0 0 0 0 0 0
437 260 0 0 260 62 56 0 0 0
438 390 2 1 0 0 0 0 0 0
439 260 0 0 0 0 0 0 0 0
441 256 0 0 128 0 0 0 0 0
444 1255 0 0 251 82 74 0 0 0
446 369 1 1 123 0 0 0 0 0
447 3002 2 2 738 0 0 1122 5 0
448 246 0 0 0 0 0 0 0 0
451 369 0 0 0 0 0 0 0 0
454 384 0 0 0 0 0 0 0 0
462 665 1 1 0 0 0 133 0 0
485 10 1 1 5 0 0 0 0 0
493 246 1 1 123 0 0 0 0 0
544 246 0 0 0 0 0 0 0 0
547 912 0 0 123 0 0 0 0 0
551 54 1 1 18 2 0 0 0 0
563 246 0 0 123 0 0 123 0 0
564 123 0 0 0 0 0 123 0 0
565 123 0 0 0 0 0 0 0 0
582 1260 0 0 0 0 0 0 0 0
585 10 0 0 0 0 0 0 0 0
586 1064 0 0 931 0 0 0 0 0
fl=/usr/src/debug/glibc-2.28-251.el8_10.14.x86_64/elf/dl-minimal.c
fn=__rtld_malloc_init_real
89 8 1 1 0 0 0 5 0 0
99 2 1 1 0 0 0 1 0 0
100 2 0 0 0 0 0 1 0 0
102 1 0 0 0 0 0 1 0 0
104 6 0 0 0 0 0 1 0 0
105 5 0 0 0 0 0 1 0 0
106 5 1 1 0 0 0 1 0 0
107 4 0 0 0 0 0 1 0 0
112 1 0 0 0 0 0 1 1 0
113 1 0 0 0 0 0 1 0 0
114 1 0 0 0 0 0 1 0 0
115 1 0 0 0 0 0 1 0 0
116 7 1 1 6 0 0 0 0 0
fn=__rtld_malloc_init_stubs
55 1 1 1 0 0 0 0 0 0
56 2 1 1 0 0 0 1 1 1
57 2 0 0 0 0 0 1 0 0
58 2 0 0 0 0 0 1 0 0
59 2 0 0 0 0 0 1 0 0
60 1 0 0 1 0 0 0 0 0
fn=lookup_malloc_symbol
74 28 1 1 0 0 0 12 0 0
76 4 0 0 0 0 0 4 0 0
77 32 0 0 4 0 0 12 0 0
81 28 1 1 16 0 0 0 0 0
82 24 0 0 12 0 0 0 0 0
84 4 0 0 0 0 0 4 0 0
85 20 0 0 16 0 0 0 0 0
fn=rtld_calloc
171 20 1 1 0 0 0 0 0 0
175 10 0 0 0 0 0 0 0 0
178 20 0 0 0 0 0 0 0 0
179 30 0 0 0 0 0 0 0 0
fn=rtld_free
188 22 0 0 0 0 0 0 0 0
190 88 0 0 44 0 0 0 0 0
fn=rtld_malloc
128 69 1 1 0 0 0 4 0 0
129 251 0 0 125 0 0 0 0 0
134 3 0 0 0 0 0 1 0 0
135 2 1 1 1 0 0 0 0 0
136 2 1 1 0 0 0 0 0 0
140 189 0 0 0 0 0 63 0 0
143 433 1 1 0 0 0 0 0 0
148 8 0 0 2 0 0 0 0 0
149 8 0 0 0 0 0 0 0 0
151 4 0 0 0 0 0 0 0 0
152 14 2 1 0 0 0 2 0 0
154 4 0 0 0 0 0 0 0 0
156 6 0 0 2 0 0 0 0 0
158 6 0 0 0 0 0 2 0 0
161 63 0 0 0 0 0 63 0 0
162 63 0 0 0 0 0 63 0 0
164 132 0 0 67 0 0 0 0 0
fn=strsep
341 20 1 1 0 0 0 0 0 0
344 60 0 0 20 1 1 0 0 0
346 20 0 0 20 0 0 0 0 0
347 40 0 0 0 0 0 0 0 0
351 7171 0 0 1189 0 0 0 0 0
356 4716 1 1 0 0 0 0 0 0
358 9360 0 0 2340 1 1 0 0 0
362 36 0 0 0 0 0 18 0 0
366 1170 0 0 0 0 0 0 0 0
369 19 0 0 0 0 0 19 0 0
373 20 0 0 20 0 0 0 0 0
fl=/usr/src/debug/glibc-2.28-251.el8_10.14.x86_64/elf/dl-misc.c
fn=_dl_name_match_p
340 234 1 1 0 0 0 78 1 1
341 156 1 1 39 0 0 39 0 0
342 47 0 0 0 0 0 0 0 0
344 39 0 0 39 0 0 0 0 0
346 156 0 0 0 0 0 0 0 0
347 235 0 0 47 0 0 47 0 0
350 39 0 0 39 0 0 0 0 0
352 31 0 0 0 0 0 0 0 0
353 195 1 1 117 0 0 0 0 0
fn=_dl_sysdep_read_whole_file
44 9 1 1 0 0 0 4 0 0
47 3 1 1 0 0 0 1 0 0
48 2 0 0 0 0 0 0 0 0
50 7 1 1 0 0 0 1 0 0
52 2 0 0 1 0 0 1 0 0
55 2 0 0 0 0 0 0 0 0
57 8 1 1 0 0 0 1 0 0
68 3 0 0 0 0 0 1 0 0
71 7 0 0 5 0 0 0 0 0
fl=/usr/src/debug/glibc-2.28-251.el8_10.14.x86_64/elf/dl-object.c
fn=_dl_add_to_namespace_list
31 24 1 1 0 0 0 12 0 0
33 12 1 1 4 0 0 4 0 0
35 31 0 0 4 0 0 0 0 0
38 27 0 0 9 0 0 0 0 0
40 3 0 0 0 0 0 3 0 0
42 3 0 0 0 0 0 3 0 0
45 2 0 0 0 0 0 1 0 0
46 12 1 1 4 0 0 0 0 0
47 8 0 0 4 1 1 4 0 0
48 8 0 0 0 0 0 4 0 0
50 8 0 0 4 0 0 0 0 0
51 12 0 0 12 0 0 0 0 0
fn=_dl_new_object
59 60 1 1 0 0 0 36 3 3
62 8 1 1 0 0 0 0 0 0
64 2 1 1 0 0 0 0 0 0
66 3 1 1 1 0 0 0 0 0
67 6 0 0 0 0 0 0 0 0
71 2 0 0 0 0 0 0 0 0
77 1 1 1 0 0 0 0 0 0
80 28 0 0 3 0 0 7 0 0
95 8 0 0 0 0 0 0 0 0
98 4 0 0 0 0 0 4 3 3
99 12 0 0 4 0 0 4 4 4
103 8 0 0 0 0 0 4 1 1
104 28 1 1 8 0 0 12 2 2
106 4 0 0 0 0 0 4 0 0
119 21 0 0 14 0 0 0 0 0
125 1 0 0 0 0 0 0 0 0
127 28 1 1 8 4 4 8 1 1
130 8 0 0 4 0 0 0 0 0
131 11 1 1 0 0 0 4 4 4
132 4 0 0 0 0 0 4 0 0
136 4 0 0 0 0 0 4 0 0
139 61 0 0 0 0 0 0 0 0
141 16 1 1 0 0 0 16 4 4
149 8 0 0 0 0 0 4 2 2
150 4 0 0 0 0 0 4 4 4
153 1 1 1 0 0 0 0 0 0
155 24 1 1 4 1 1 0 0 0
157 9 0 0 0 0 0 3 2 2
160 10 0 0 0 0 0 0 0 0
164 9 0 0 3 0 0 0 0 0
168 15 0 0 0 0 0 0 0 0
170 1 0 0 0 0 0 0 0 0
176 1 1 1 0 0 0 1 0 0
179 8 0 0 0 0 0 4 0 0
189 16 0 0 8 0 0 0 0 0
191 12 0 0 0 0 0 6 0 0
195 9 0 0 0 0 0 0 0 0
200 9 0 0 0 0 0 0 0 0
208 3 0 0 0 0 0 0 0 0
212 3 0 0 0 0 0 0 0 0
245 62 0 0 6 0 0 3 0 0
250 53 0 0 0 0 0 0 0 0
251 106 0 0 53 0 0 0 0 0
253 6 0 0 0 0 0 0 0 0
256 3 0 0 0 0 0 3 0 0
259 3 0 0 0 0 0 3 0 0
263 36 1 1 28 0 0 0 0 0
fl=/usr/src/debug/glibc-2.28-251.el8_10.14.x86_64/elf/dl-open.c
fn=_dl_find_dso_for_object
212 6 1 1 0 0 0 4 0 0
216 5 0 0 1 0 0 0 0 0
217 13 0 0 4 0 0 0 0 0
218 16 1 1 8 0 0 0 0 0
219 2 0 0 1 0 0 0 0 0
222 2 1 1 1 0 0 0 0 0
226 7 0 0 5 0 0 0 0 0
fl=/usr/src/debug/glibc-2.28-251.el8_10.14.x86_64/elf/dl-reloc.c
fn=_dl_protect_relro
348 10 1 1 0 0 0 5 0 0
349 30 1 1 15 1 0 0 0 0
352 15 0 0 5 0 0 0 0 0
356 10 0 0 0 0 0 0 0 0
357 35 0 0 0 0 0 5 0 0
363 10 0 0 10 0 0 0 0 0
fn=_dl_relocate_object
167 66 2 2 0 0 0 48 0 0
168 12 0 0 6 0 0 0 0 0
180 10 0 0 0 0 0 0 0 0
181 15 0 0 0 0 0 5 0 0
184 15 0 0 0 0 0 5 0 0
186 15 0 0 0 0 0 0 0 0
188 5 0 0 5 0 0 0 0 0
189 15 1 1 5 0 0 0 0 0
211 25 1 1 10 0 0 0 0 0
212 10 1 1 5 4 0 0 0 0
213 3 0 0 0 0 0 0 0 0
215 10 0 0 0 0 0 0 0 0
222 20 2 2 5 0 0 5 0 0
266 15 0 0 10 0 0 5 0 0
294 209 6 6 80 15 0 40 0 0
297 30 0 0 10 0 0 0 0 0
321 5 0 0 5 0 0 0 0 0
324 10 0 0 5 0 0 0 0 0
341 10 0 0 5 3 0 0 0 0
342 10 1 1 0 0 0 5 0 0
343 48 0 0 42 1 0 0 0 0
fl=/usr/src/debug/glibc-2.28-251.el8_10.14.x86_64/elf/dl-runtime.c
fn=_dl_fixup
45 63 1 1 0 0 0 36 0 0
47 9 0 0 9 0 0 0 0 0
48 18 0 0 18 8 0 0 0 0
53 9 1 1 9 4 0 0 0 0
54 27 0 0 9 4 0 0 0 0
55 63 0 0 18 7 0 9 0 0
57 27 0 0 18 5 0 0 0 0
62 18 0 0 0 0 0 0 0 0
66 18 2 1 9 9 4 0 0 0
68 36 1 1 9 4 0 0 0 0
70 27 0 0 9 4 0 0 0 0
74 18 0 0 18 8 0 0 0 0
75 36 0 0 9 4 0 0 0 0
83 9 0 0 0 0 0 0 0 0
84 27 0 0 9 3 0 0 0 0
94 90 0 0 18 4 0 27 4 0
98 45 1 1 27 0 0 0 0 0
108 90 0 0 36 0 0 9 0 0
123 36 1 1 9 0 0 0 0 0
124 2 0 0 0 0 0 1 0 0
132 27 0 0 9 0 0 0 0 0
149 18 1 1 9 0 0 0 0 0
158 27 0 0 9 3 0 0 0 0
162 54 0 0 45 0 0 0 0 0
fl=/usr/src/debug/glibc-2.28-251.el8_10.14.x86_64/elf/dl-sort-maps.c
fn=_dl_sort_maps
187 4 2 1 2 0 0 0 0 0
188 36 0 0 0 0 0 2 0 0
189 30 2 1 20 0 0 0 0 0
216 36 2 1 4 0 0 4 0 0
221 8 2 1 2 0 0 2 0 0
223 2 0 0 0 0 0 2 0 0
224 14 0 0 0 0 0 0 0 0
226 24 0 0 0 0 0 0 0 0
228 40 0 0 10 0 0 10 1 0
231 22 2 1 10 0 0 0 0 0
249 4 0 0 2 0 0 0 0 0
268 8 2 1 4 0 0 2 0 0
281 12 0 0 2 0 0 0 0 0
288 2 2 1 0 0 0 0 0 0
312 26 2 0 0 0 0 14 0 0
320 6 2 1 2 1 0 0 0 0
324 16 2 1 14 0 0 0 0 0
fn=_dl_sort_maps_init
303 2 1 1 0 0 0 0 0 0
304 4 0 0 0 0 0 1 0 0
305 1 0 0 0 0 0 1 1 1
306 3 1 1 1 0 0 0 0 0
307 2 0 0 1 0 0 0 0 0
fn=dfs_traversal
142 70 2 1 0 0 0 40 0 0
145 30 2 1 10 0 0 0 0 0
148 30 0 0 0 0 0 10 0 0
150 30 0 0 10 1 0 0 0 0
152 96 0 0 24 3 0 0 0 0
155 34 0 0 17 0 0 0 0 0
161 35 3 2 5 0 0 0 0 0
176 30 0 0 10 0 0 10 0 0
177 10 0 0 0 0 0 10 0 0
178 60 0 0 50 0 0 0 0 0
fl=/usr/src/debug/glibc-2.28-251.el8_10.14.x86_64/elf/dl-tunables.c
fn=__GI___tunables_init
69 1000 0 0 200 0 0 0 0 0
72 199 0 0 0 0 0 0 0 0
75 21949 1 1 3164 147 147 0 0 0
79 398 0 0 0 0 0 0 0 0
84 597 1 1 0 0 0 199 1 1
280 4 0 0 1 0 0 0 0 0
289 9 1 1 0 0 0 6 1 1
297 398 0 0 0 0 0 0 0 0
312 25671 2 2 0 0 0 0 0 0
318 31840 0 0 12736 0 0 0 0 0
330 796 1 1 199 0 0 0 0 0
364 8 0 0 7 0 0 0 0 0
fn=__tunable_get_val
412 26 1 1 0 0 0 0 0 0
415 292 2 1 26 13 0 0 0 0
419 76 0 0 19 1 0 19 1 1
424 8 1 1 4 2 0 4 0 0
425 4 0 0 0 0 0 0 0 0
434 6 0 0 3 0 0 3 0 0
435 3 0 0 0 0 0 0 0 0
441 130 0 0 26 0 0 0 0 0
443 26 0 0 26 0 0 0 0 0
fl=/usr/src/debug/glibc-2.28-251.el8_10.14.x86_64/elf/dl-tunables.h
fn=__GI___tunables_init
124 8065 0 0 3734 8 8 0 0 0
125 8054 0 0 0 0 0 0 0 0
fl=/usr/src/debug/glibc-2.28-251.el8_10.14.x86_64/elf/dl-version.c
fn=_dl_check_all_versions
362 6 1 1 0 0 0 4 0 0
364 2 0 0 0 0 0 0 0 0
366 20 0 0 5 0 0 0 0 0
368 50 1 1 5 0 0 5 0 0
371 7 0 0 5 0 0 0 0 0
fn=_dl_check_map_versions
37 67 0 0 10 0 0 0 0 0
38 16 0 0 16 0 0 0 0 0
39 105 1 1 0 0 0 21 0 0
57 16 0 0 16 0 0 0 0 0
65 24 0 0 8 0 0 0 0 0
71 24 1 1 8 0 0 0 0 0
87 8 0 0 8 1 0 0 0 0
88 16 0 0 0 0 0 0 0 0
90 8 0 0 8 0 0 0 0 0
95 154 0 0 57 12 11 8 0 0
109 114 0 0 57 6 6 0 0 0
111 8 1 1 8 1 1 0 0 0
114 69 1 1 21 0 0 8 0 0
121 147 1 1 49 4 4 0 0 0
125 49 0 0 0 0 0 0 0 0
143 25 1 1 0 0 0 15 0 0
156 40 1 1 0 0 0 30 0 0
157 5 0 0 0 0 0 5 0 0
165 5 1 1 0 0 0 0 0 0
171 15 0 0 5 0 0 0 0 0
173 15 0 0 5 0 0 10 0 0
175 10 0 0 5 1 0 5 0 0
176 20 1 1 5 0 0 10 0 0
178 10 0 0 0 0 0 0 0 0
181 9 1 1 6 0 0 3 0 0
185 15 0 0 3 2 2 0 0 0
199 2 0 0 0 0 0 0 0 0
201 15 0 0 15 0 0 0 0 0
209 15 0 0 5 0 0 0 0 0
210 3 1 1 0 0 0 0 0 0
214 15 0 0 10 1 1 0 0 0
218 82 1 1 60 0 0 8 0 0
220 8 0 0 8 1 1 0 0 0
222 19 0 0 8 1 1 8 0 0
225 32 1 1 8 0 0 0 0 0
228 24 0 0 8 0 0 0 0 0
233 3 0 0 0 0 0 0 0 0
237 20 0 0 10 0 0 0 0 0
242 4 0 0 0 0 0 2 0 0
251 17 0 0 5 0 0 0 0 0
254 12 0 0 9 0 0 0 0 0
257 184 0 0 46 3 3 0 0 0
260 138 0 0 46 1 1 0 0 0
264 43 0 0 0 0 0 0 0 0
268 8 1 1 0 0 0 0 0 0
273 4 0 0 0 0 0 4 0 0
274 8 0 0 0 0 0 0 0 0
275 8 0 0 0 0 0 0 0 0
285 4 0 0 0 0 0 4 0 0
288 12 1 1 8 1 0 4 0 0
290 12 0 0 4 0 0 0 0 0
293 9 0 0 9 0 0 0 0 0
295 2 0 0 0 0 0 0 0 0
297 15 0 0 5 0 0 0 0 0
300 24 0 0 8 0 0 0 0 0
302 24 1 1 0 0 0 0 0 0
304 40 0 0 8 0 0 8 0 0
305 24 0 0 0 0 0 8 6 6
306 24 0 0 8 0 0 8 0 0
307 24 0 0 8 0 0 8 0 0
310 24 0 0 8 0 0 0 0 0
315 3 0 0 0 0 0 0 0 0
318 15 1 1 5 0 0 0 0 0
323 2 0 0 0 0 0 0 0 0
328 12 1 1 4 0 0 0 0 0
331 12 1 1 9 0 0 0 0 0
335 43 0 0 43 0 0 0 0 0
337 92 0 0 46 0 0 0 0 0
341 43 0 0 43 0 0 0 0 0
342 215 0 0 43 0 0 43 12 12
343 129 0 0 43 0 0 43 0 0
344 43 0 0 0 0 0 43 5 5
347 141 0 0 46 0 0 0 0 0
351 43 0 0 0 0 0 0 0 0
357 45 0 0 40 0 0 0 0 0
fl=/usr/src/debug/glibc-2.28-251.el8_10.14.x86_64/elf/do-rel.h
fn=_dl_relocate_object
48 10 0 0 0 0 0 0 0 0
49 20 0 0 0 0 0 10 0 0
50 10 0 0 10 1 0 0 0 0
52 5 0 0 0 0 0 4 0 0
53 7 0 0 0 0 0 6 1 0
60 20 0 0 0 0 0 0 0 0
63 59 1 1 1 0 0 0 0 0
65 68 1 1 17 6 6 0 0 0
76 2 0 0 0 0 0 0 0 0
77 2 0 0 0 0 0 0 0 0
85 18 1 1 9 0 0 9 0 0
86 9 1 1 9 0 0 0 0 0
88 36 0 0 18 0 0 0 0 0
100 27 0 0 0 0 0 0 0 0
110 16 0 0 1 1 1 0 0 0
113 3674 1 1 0 0 0 0 0 0
114 2438 0 0 1219 154 153 0 0 0
120 27 1 1 9 5 0 0 0 0
123 14 0 0 7 1 0 7 1 0
126 611 1 1 206 1 0 0 0 0
128 995 0 0 597 108 101 0 0 0
129 796 1 1 199 0 0 199 0 0
130 597 0 0 398 0 0 199 0 0
131 796 1 1 199 2 0 0 0 0
133 597 0 0 0 0 0 0 0 0
135 260 1 1 65 0 0 65 0 0
138 130 0 0 0 0 0 65 0 0
142 134 0 0 0 0 0 134 0 0
145 268 0 0 0 0 0 0 0 0
146 84 1 1 28 1 0 0 0 0
158 20 1 1 8 0 0 0 0 0
159 249 1 1 3 0 0 0 0 0
160 234 1 1 78 0 0 0 0 0
163 195 0 0 130 0 0 0 0 0
164 195 0 0 65 0 0 65 0 0
165 65 0 0 0 0 0 0 0 0
166 65 0 0 65 0 0 0 0 0
167 130 0 0 65 0 0 0 0 0
175 29 0 0 10 0 0 2 0 0
177 42 1 1 12 2 2 6 0 0
178 12 0 0 12 0 0 0 0 0
180 18 0 0 0 0 0 0 0 0
188 6 0 0 0 0 0 6 0 0
191 12 0 0 0 0 0 0 0 0
205 2 1 1 0 0 0 0 0 0
fn=_dl_start
85 1 0 0 1 0 0 0 0 0
86 1 0 0 1 0 0 0 0 0
113 153 1 1 0 0 0 0 0 0
114 100 0 0 50 8 8 0 0 0
118 2 0 0 1 0 0 0 0 0
126 21 0 0 0 0 0 0 0 0
128 18 0 0 6 2 2 0 0 0
129 12 0 0 0 0 0 0 0 0
130 12 0 0 6 0 0 0 0 0
fl=/usr/src/debug/glibc-2.28-251.el8_10.14.x86_64/elf/get-dynamic-info.h
fn=_dl_map_object_from_fd
42 3 0 0 0 0 0 0 0 0
46 3 0 0 0 0 0 0 0 0
48 231 0 0 77 22 22 0 0 0
50 148 0 0 0 0 0 0 0 0
63 79 1 1 0 0 0 0 0 0
64 125 0 0 0 0 0 71 18 18
65 12 0 0 0 0 0 0 0 0
67 3 0 0 0 0 0 0 0 0
68 15 0 0 0 0 0 0 0 0
70 3 1 1 0 0 0 0 0 0
71 12 1 1 0 0 0 0 0 0
72 3 0 0 0 0 0 0 0 0
73 12 1 1 0 0 0 3 0 0
74 74 0 0 0 0 0 0 0 0
81 6 2 2 0 0 0 0 0 0
101 12 0 0 6 0 0 0 0 0
102 12 0 0 6 0 0 0 0 0
103 12 0 0 6 0 0 0 0 0
104 12 0 0 6 0 0 0 0 0
106 12 1 1 6 0 0 0 0 0
111 11 0 0 5 0 0 0 0 0
112 11 0 0 5 1 1 0 0 0
113 12 0 0 6 0 0 0 0 0
118 9 0 0 3 0 0 0 0 0
123 4 0 0 2 0 0 0 0 0
130 6 1 1 3 0 0 0 0 0
131 9 0 0 6 0 0 0 0 0
149 9 0 0 3 0 0 0 0 0
154 4 0 0 2 0 0 2 0 0
156 4 0 0 0 0 0 0 0 0
158 4 0 0 0 0 0 0 0 0
160 4 0 0 0 0 0 0 0 0
161 2 0 0 0 0 0 2 0 0
163 9 1 1 3 0 0 0 0 0
165 9 0 0 3 0 0 3 0 0
166 6 0 0 0 0 0 0 0 0
175 9 1 1 6 0 0 0 0 0
176 9 1 1 0 0 0 0 0 0
180 6 0 0 0 0 0 0 0 0
181 4 0 0 2 0 0 2 0 0
183 6 0 0 3 0 0 0 0 0
fn=_dl_start
48 63 0 0 21 6 6 0 0 0
50 40 1 1 0 0 0 0 0 0
63 25 0 0 0 0 0 0 0 0
64 34 0 0 0 0 0 19 7 7
65 4 0 0 0 0 0 0 0 0
67 2 0 0 0 0 0 0 0 0
68 5 1 1 0 0 0 0 0 0
70 3 1 1 0 0 0 0 0 0
71 5 1 1 0 0 0 0 0 0
72 1 0 0 0 0 0 0 0 0
73 5 0 0 0 0 0 1 1 1
74 20 0 0 0 0 0 0 0 0
81 2 0 0 0 0 0 0 0 0
101 4 1 1 2 0 0 0 0 0
102 4 0 0 2 0 0 0 0 0
103 4 0 0 2 0 0 0 0 0
104 4 0 0 2 0 0 0 0 0
106 4 1 1 2 0 0 0 0 0
111 4 0 0 2 0 0 0 0 0
112 4 0 0 2 0 0 0 0 0
113 4 0 0 2 0 0 0 0 0
118 3 1 1 1 0 0 0 0 0
123 2 0 0 1 0 0 0 0 0
130 3 0 0 1 0 0 0 0 0
131 3 0 0 2 0 0 0 0 0
139 5 1 1 2 0 0 0 0 0
142 3 0 0 1 0 0 0 0 0
146 2 0 0 1 0 0 0 0 0
147 2 0 0 1 0 0 0 0 0
fn=dl_main
33 1 0 0 1 0 0 0 0 0
42 2 0 0 0 0 0 0 0 0
46 1 0 0 0 0 0 0 0 0
48 78 0 0 26 7 7 0 0 0
50 50 0 0 0 0 0 0 0 0
63 17 1 1 0 0 0 0 0 0
64 35 0 0 0 0 0 24 6 6
65 4 0 0 0 0 0 0 0 0
67 1 0 0 0 0 0 0 0 0
68 5 2 2 0 0 0 0 0 0
70 1 0 0 0 0 0 0 0 0
71 5 0 0 0 0 0 0 0 0
72 1 0 0 0 0 0 0 0 0
73 4 1 1 0 0 0 1 0 0
74 25 0 0 0 0 0 0 0 0
81 3 0 0 1 0 0 0 0 0
118 3 1 1 1 0 0 0 0 0
123 2 0 0 1 0 0 0 0 0
130 2 1 1 1 0 0 0 0 0
131 3 0 0 2 0 0 0 0 0
149 3 0 0 1 0 0 0 0 0
163 3 1 1 1 0 0 0 0 0
183 2 1 1 1 0 0 0 0 0
fl=/usr/src/debug/glibc-2.28-251.el8_10.14.x86_64/elf/rtld.c
fn=_dl_start
71 8 0 0 0 0 0 2 1 1
471 2 0 0 0 0 0 1 0 0
472 2 1 1 0 0 0 1 0 0
473 2 0 0 0 0 0 1 1 1
474 2 0 0 0 0 0 1 0 0
475 2 0 0 0 0 0 1 0 0
484 1 0 0 0 0 0 1 0 0
490 4 1 0 0 0 0 1 0 0
492 2 0 0 1 0 0 0 0 0
504 10 1 1 0 0 0 6 1 1
545 1 0 0 0 0 0 1 0 0
548 1 1 1 0 0 0 1 1 1
559 2 1 1 0 0 0 0 0 0
564 25 2 2 9 0 0 0 0 0
566 1 0 0 1 1 1 0 0 0
579 1 0 0 0 0 0 1 1 1
594 9 0 0 7 2 0 0 0 0
fn=dl_main
71 16 1 1 0 0 0 0 0 0
78 13 1 1 0 0 0 0 0 0
79 2 0 0 0 0 0 1 0 0
87 7 1 1 3 0 0 0 0 0
192 1 0 0 0 0 0 1 0 0
193 1 0 0 0 0 0 1 0 0
194 1 0 0 0 0 0 1 0 0
219 2 1 1 2 1 1 0 0 0
220 2 0 0 2 0 0 0 0 0
221 4 0 0 0 0 0 0 0 0
291 1 0 0 0 0 0 1 0 0
292 1 0 0 0 0 0 1 0 0
293 1 1 1 0 0 0 1 0 0
294 1 0 0 0 0 0 1 0 0
295 1 0 0 0 0 0 1 0 0
296 1 0 0 0 0 0 1 0 0
297 1 0 0 0 0 0 1 0 0
298 2 0 0 0 0 0 1 0 0
866 1 0 0 1 0 0 0 0 0
868 1 0 0 0 0 0 1 0 0
877 1 0 0 0 0 0 1 0 0
879 1 0 0 0 0 0 1 0 0
884 1 0 0 0 0 0 1 0 0
1193 14 2 2 0 0 0 8 1 1
1198 1 0 0 0 0 0 1 0 0
1201 1 0 0 0 0 0 1 0 0
1207 2 0 0 0 0 0 1 1 1
1211 2 0 0 0 0 0 1 1 1
1212 2 0 0 0 0 0 1 0 0
1217 2 1 1 0 0 0 1 0 0
1223 1 0 0 0 0 0 1 0 0
1225 4 1 1 2 0 0 1 0 0
1226 4 0 0 2 0 0 0 0 0
1493 8 2 2 0 0 0 1 0 0
1495 2 0 0 0 0 0 0 0 0
1496 1 0 0 0 0 0 1 1 1
1497 2 0 0 1 0 0 1 0 0
1498 3 1 1 2 0 0 1 0 0
1502 3 0 0 0 0 0 1 0 0
1503 2 0 0 1 0 0 0 0 0
1524 1 0 0 0 0 0 1 0 0
1525 1 1 1 0 0 0 1 0 0
1527 2 0 0 0 0 0 1 0 0
1529 1 0 0 1 0 0 0 0 0
1532 39 0 0 1 0 0 0 0 0
1533 92 2 2 11 4 4 0 0 0
1537 3 0 0 2 0 0 1 0 0
1538 1 0 0 0 0 0 0 0 0
1542 3 1 1 2 0 0 1 0 0
1543 1 0 0 0 0 0 0 0 0
1551 2 0 0 0 0 0 1 0 0
1552 2 0 0 2 1 1 0 0 0
1554 1 0 0 0 0 0 1 0 0
1561 3 1 1 1 0 0 0 0 0
1573 1 1 1 0 0 0 1 0 0
1579 2 1 1 0 0 0 1 0 0
1587 8 1 1 4 0 0 0 0 0
1588 17 0 0 9 1 1 1 0 0
1589 8 0 0 4 0 0 0 0 0
1590 1 0 0 0 0 0 1 0 0
1593 8 0 0 4 3 3 0 0 0
1594 8 0 0 4 0 0 0 0 0
1595 4 0 0 0 0 0 4 0 0
1596 10 0 0 5 0 0 0 0 0
1597 2 0 0 0 0 0 1 0 0
1624 2 0 0 1 0 0 1 0 0
1628 2 0 0 1 1 1 1 0 0
1629 2 0 0 1 0 0 1 0 0
1630 1 0 0 0 0 0 0 0 0
1641 5 1 1 3 1 1 0 0 0
1644 2 0 0 0 0 0 0 0 0
1646 2 0 0 0 0 0 0 0 0
1648 2 1 1 1 0 0 0 0 0
1661 3 0 0 1 0 0 0 0 0
1662 6 0 0 2 0 0 1 0 0
1664 3 0 0 3 0 0 0 0 0
1667 1 0 0 0 0 0 1 0 0
1669 1 1 1 0 0 0 1 1 1
1670 1 0 0 0 0 0 1 0 0
1672 2 0 0 1 0 0 0 0 0
1673 2 0 0 0 0 0 1 0 0
1677 2 0 0 1 0 0 0 0 0
1679 2 1 1 1 0 0 0 0 0
1687 3 0 0 1 0 0 0 0 0
1694 2 1 1 0 0 0 1 0 0
1697 2 0 0 1 0 0 0 0 0
1713 4 2 2 0 0 0 1 0 0
1719 9 2 2 1 0 0 2 0 0
1727 4 1 1 1 0 0 2 0 0
1729 1 0 0 0 0 0 1 0 0
1734 2 0 0 1 0 0 0 0 0
1737 4 1 1 2 0 0 1 0 0
1738 4 0 0 1 0 0 1 0 0
1739 2 1 1 0 0 0 1 0 0
1740 1 0 0 0 0 0 1 0 0
1741 1 0 0 1 0 0 0 0 0
1742 1 0 0 1 0 0 0 0 0
1747 2 0 0 1 0 0 0 0 0
1748 5 0 0 1 0 0 1 0 0
1765 2 1 1 1 1 1 0 0 0
1766 2 0 0 1 0 0 0 0 0
1768 2 0 0 1 0 0 0 0 0
1770 1 0 0 0 0 0 1 0 0
1771 3 0 0 1 0 0 1 1 1
1776 5 1 1 0 0 0 0 0 0
1777 5 0 0 1 1 1 0 0 0
1779 2 0 0 1 0 0 1 0 0
1780 2 0 0 1 0 0 1 1 1
1785 2 0 0 1 1 1 0 0 0
1794 2 1 1 1 0 0 0 0 0
1798 2 0 0 0 0 0 0 0 0
1799 2 0 0 1 0 0 0 0 0
1823 2 1 1 0 0 0 2 0 0
1831 3 0 0 1 0 0 0 0 0
1834 2 0 0 1 0 0 1 0 0
1838 3 0 0 1 0 0 0 0 0
1843 2 1 1 1 0 0 1 0 0
1844 1 0 0 0 0 0 1 0 0
1845 1 0 0 0 0 0 0 0 0
1849 3 0 0 0 0 0 1 0 0
1854 3 0 0 2 0 0 0 0 0
1856 1 0 0 0 0 0 0 0 0
1858 2 0 0 1 0 0 0 0 0
1862 5 0 0 1 0 0 1 0 0
1867 2 1 1 1 0 0 0 0 0
1883 5 0 0 0 0 0 1 0 0
1959 4 0 0 2 0 0 0 0 0
1963 19 3 3 1 0 0 0 0 0
1964 2 0 0 0 0 0 0 0 0
1967 3 1 1 0 0 0 1 0 0
1968 1 0 0 1 0 0 0 0 0
1969 2 0 0 0 0 0 0 0 0
1970 2 0 0 0 0 0 0 0 0
1975 3 1 1 1 0 0 0 0 0
1985 8 0 0 1 0 0 1 0 0
1991 18 0 0 1 0 0 0 0 0
1992 18 0 0 11 0 0 0 0 0
1995 4 1 1 3 0 0 1 0 0
1996 3 0 0 1 0 0 0 0 0
1997 1 0 0 0 0 0 1 0 0
1999 13 1 1 0 0 0 0 0 0
2000 18 0 0 5 0 0 0 0 0
2010 2 1 1 0 0 0 1 0 0
2012 2 0 0 1 0 0 1 0 0
2013 2 0 0 0 0 0 0 0 0
2015 2 0 0 0 0 0 1 0 0
2017 3 0 0 0 0 0 0 0 0
2019 3 0 0 1 0 0 0 0 0
2020 1 0 0 1 0 0 0 0 0
2021 2 0 0 0 0 0 0 0 0
2033 2 1 1 0 0 0 0 0 0
2034 2 0 0 0 0 0 1 0 0
2035 3 0 0 1 0 0 0 0 0
2038 2 1 1 1 0 0 0 0 0
2046 4 0 0 0 0 0 1 0 0
2047 4 0 0 0 0 0 1 0 0
2048 5 1 1 0 0 0 1 0 0
2058 2 0 0 1 0 0 1 0 0
2059 2 0 0 1 0 0 0 0 0
2060 4 1 1 0 0 0 2 0 0
2062 2 1 1 0 0 0 0 0 0
2067 3 1 1 1 0 0 0 0 0
2297 3 0 0 1 0 0 0 0 0
2353 1 0 0 0 0 0 1 0 0
2357 2 0 0 1 0 0 1 0 0
2361 2 1 1 1 0 0 1 0 0
2364 2 0 0 0 0 0 0 0 0
2372 1 0 0 1 0 0 0 0 0
2423 3 0 0 1 0 0 0 0 0
2426 3 0 0 1 0 0 1 0 0
2428 3 1 1 1 0 0 0 0 0
2429 6 0 0 1 0 0 1 0 0
2435 1 0 0 1 0 0 0 0 0
2436 19 0 0 0 0 0 0 0 0
2438 15 1 1 10 2 0 0 0 0
2443 10 0 0 10 5 0 0 0 0
2445 12 0 0 0 0 0 0 0 0
2447 1 1 1 0 0 0 1 1 0
2448 1 1 1 1 0 0 0 0 0
2451 5 0 0 5 0 0 0 0 0
2453 15 0 0 0 0 0 0 0 0
2454 32 0 0 8 3 0 4 0 0
2458 12 1 1 6 1 0 0 0 0
2459 3 0 0 0 0 0 1 0 0
2467 2 0 0 1 0 0 0 0 0
2472 4 0 0 2 2 0 0 0 0
2474 1 1 1 1 0 0 0 0 0
2481 4 0 0 1 0 0 1 0 0
2484 2 0 0 1 0 0 0 0 0
2493 3 1 1 2 1 0 0 0 0
2495 4 0 0 1 0 0 0 0 0
2507 2 0 0 0 0 0 1 0 0
2513 1 0 0 1 0 0 0 0 0
2514 5 1 1 1 0 0 1 0 0
2522 3 0 0 1 1 0 1 0 0
2529 1 0 0 0 0 0 1 0 0
2533 3 0 0 0 0 0 1 0 0
2538 4 0 0 0 0 0 1 0 0
2539 1 0 0 0 0 0 1 0 0
2540 1 0 0 0 0 0 1 0 0
2541 1 0 0 0 0 0 0 0 0
2545 1 0 0 0 0 0 1 0 0
2550 8 0 0 7 2 0 0 0 0
2683 2 0 0 1 0 0 1 1 1
2685 1 0 0 0 0 0 0 0 0
2691 8 1 1 1 0 0 2 1 1
2693 12 1 1 3 0 0 3 1 1
2695 2 0 0 0 0 0 0 0 0
2697 107 0 0 21 0 0 0 0 0
2698 19 0 0 0 0 0 0 0 0
2700 4 0 0 0 0 0 0 0 0
2706 14 1 1 2 1 1 1 0 0
2718 3 0 0 0 0 0 1 0 0
2727 2 1 1 1 0 0 0 0 0
2734 6 1 1 3 0 0 0 0 0
2736 2 0 0 0 0 0 1 0 0
2737 1 0 0 0 0 0 0 0 0
2782 3 1 1 1 0 0 0 0 0
2783 5 1 1 2 0 0 0 0 0
2785 2 0 0 0 0 0 1 0 0
2786 2 0 0 0 0 0 1 0 0
2787 1 0 0 0 0 0 0 0 0
2853 3 0 0 1 0 0 0 0 0
2885 2 0 0 0 0 0 0 0 0
fn=do_preload
817 6 1 1 0 0 0 3 0 0
819 1 0 0 0 0 0 1 0 0
823 1 0 0 0 0 0 1 0 0
824 1 0 0 0 0 0 1 0 0
825 1 0 0 0 0 0 1 0 0
827 1 0 0 1 0 0 0 0 0
829 6 1 1 0 0 0 1 0 0
830 3 0 0 1 0 0 0 0 0
838 3 0 0 1 0 0 0 0 0
844 5 0 0 4 0 0 0 0 0
fn=dso_name_valid_for_suid
177 4 1 1 0 0 0 2 0 0
178 3 1 1 1 0 0 0 0 0
186 2 0 0 1 0 0 0 0 0
187 5 0 0 3 0 0 0 0 0
fn=handle_preload_list
898 15 1 1 1 1 1 6 0 0
899 1 0 0 0 0 0 0 0 0
903 4 1 1 2 0 0 0 0 0
906 4 0 0 0 0 0 1 0 0
907 3 0 0 0 0 0 0 0 0
909 4 1 1 0 0 0 1 0 0
910 2 0 0 0 0 0 1 0 0
916 1 0 0 0 0 0 0 0 0
918 2 0 0 1 0 0 0 0 0
920 4 0 0 0 0 0 1 0 0
921 5 0 0 0 0 0 1 0 0
924 9 0 0 7 0 0 0 0 0
fn=init_tls
743 3 1 1 0 0 0 2 0 0
745 2 0 0 1 0 0 1 0 0
749 3 0 0 1 1 1 0 0 0
755 2 0 0 0 0 0 1 0 0
758 1 0 0 0 0 0 1 0 0
759 2 0 0 0 0 0 0 0 0
764 1 0 0 0 0 0 0 0 0
766 1 0 0 0 0 0 1 0 0
770 2 1 1 1 1 1 0 0 0
771 3 0 0 0 0 0 0 0 0
772 13 0 0 1 0 0 0 0 0
773 5 0 0 5 0 0 0 0 0
774 15 1 1 5 0 0 0 0 0
778 2 0 0 0 0 0 1 1 1
780 3 0 0 0 0 0 0 0 0
782 2 0 0 1 0 0 0 0 0
785 2 0 0 0 0 0 1 0 0
788 1 0 0 0 0 0 1 0 0
795 2 1 1 0 0 0 1 0 0
796 2 0 0 0 0 0 0 0 0
800 1 0 0 0 0 0 1 0 0
804 2 0 0 1 0 0 1 0 0
807 8 0 0 0 0 0 2 0 0
810 1 0 0 0 0 0 1 0 0
813 5 1 1 3 0 0 0 0 0
fn=map_doit
650 3 1 1 0 0 0 1 0 0
652 4 0 0 1 0 0 0 0 0
653 6 1 1 2 0 0 2 0 0
655 2 0 0 2 0 0 0 0 0
fn=rtld_lock_default_lock_recursive
850 7 4 1 0 0 0 0 0 0
851 7 0 0 7 3 1 0 0 0
852 7 0 0 7 0 0 0 0 0
fn=rtld_lock_default_unlock_recursive
856 7 2 1 0 0 0 0 0 0
857 7 0 0 7 1 0 0 0 0
858 7 0 0 7 0 0 0 0 0
fn=version_check_doit
683 3 1 1 0 0 0 1 0 0
685 6 0 0 2 0 0 1 0 0
689 2 0 0 2 0 0 0 0 0
fl=/usr/src/debug/glibc-2.28-251.el8_10.14.x86_64/elf/setup-vdso.h
fn=dl_main
24 2 0 0 1 0 0 0 0 0
fl=/usr/src/debug/glibc-2.28-251.el8_10.14.x86_64/io/../sysdeps/unix/sysv/linux/access.c
fn=access
25 1 1 1 0 0 0 0 0 0
27 7 0 0 0 0 0 1 0 0
31 1 0 0 1 0 0 0 0 0
fl=/usr/src/debug/glibc-2.28-251.el8_10.14.x86_64/io/../sysdeps/unix/sysv/linux/close_nocancel.c
fn=__GI___close_nocancel
25 4 1 1 0 0 0 0 0 0
26 16 0 0 0 0 0 0 0 0
27 4 0 0 4 0 0 0 0 0
fl=/usr/src/debug/glibc-2.28-251.el8_10.14.x86_64/io/../sysdeps/unix/sysv/linux/lseek64.c
fn=lseek
28 1 0 0 0 0 0 0 0 0
36 4 0 0 0 0 0 0 0 0
38 1 0 0 1 0 0 0 0 0
fl=/usr/src/debug/glibc-2.28-251.el8_10.14.x86_64/io/../sysdeps/unix/sysv/linux/open64_nocancel.c
fn=__open_nocancel
34 442 1 1 0 0 0 221 2 2
37 1547 1 1 0 0 0 0 0 0
45 2198 1 1 0 0 0 217 0 0
47 221 0 0 221 0 0 0 0 0
fl=/usr/src/debug/glibc-2.28-251.el8_10.14.x86_64/io/../sysdeps/unix/sysv/linux/read_nocancel.c
fn=__read_nocancel
25 4 1 1 0 0 0 0 0 0
26 16 0 0 0 0 0 0 0 0
27 4 0 0 4 0 0 0 0 0
fl=/usr/src/debug/glibc-2.28-251.el8_10.14.x86_64/io/../sysdeps/unix/sysv/linux/wordsize-64/fxstat.c
fn=_fxstat
33 8 1 1 0 0 0 0 0 0
34 8 0 0 0 0 0 0 0 0
35 24 1 1 0 0 0 0 0 0
39 4 0 0 4 0 0 0 0 0
fl=/usr/src/debug/glibc-2.28-251.el8_10.14.x86_64/io/../sysdeps/unix/sysv/linux/wordsize-64/xstat.c
fn=_xstat
33 360 1 1 0 0 0 0 0 0
34 360 0 0 0 0 0 0 0 0
35 1732 0 0 163 0 0 163 0 0
39 17 0 0 17 0 0 0 0 0
fl=/usr/src/debug/glibc-2.28-251.el8_10.14.x86_64/malloc/scratch_buffer_set_array_size.c
fn=__libc_scratch_buffer_set_array_size
30 15 1 1 0 0 0 9 0 0
31 6 0 0 0 0 0 0 0 0
34 6 0 0 0 0 0 0 0 0
35 6 0 0 0 0 0 0 0 0
45 6 0 0 3 0 0 0 0 0
46 3 0 0 0 0 0 0 0 0
63 12 1 1 12 0 0 0 0 0
fl=/usr/src/debug/glibc-2.28-251.el8_10.14.x86_64/misc/../sysdeps/unix/syscall-template.S
fn=mprotect
78 35 2 1 0 0 0 0 0 0
79 7 0 0 7 0 0 0 0 0
fn=munmap
78 5 1 1 0 0 0 0 0 0
79 1 0 0 1 0 0 0 0 0
fl=/usr/src/debug/glibc-2.28-251.el8_10.14.x86_64/misc/../sysdeps/unix/sysv/linux/mmap64.c
fn=mmap
41 156 2 2 0 0 0 72 1 1
44 24 0 0 0 0 0 0 0 0
47 52 1 1 2 0 0 0 0 0
52 120 0 0 0 0 0 0 0 0
54 84 0 0 84 0 0 0 0 0
fl=/usr/src/debug/glibc-2.28-251.el8_10.14.x86_64/posix/../sysdeps/unix/syscall-template.S
fn=uname
78 5 1 1 0 0 0 0 0 0
79 1 0 0 1 0 0 0 0 0
fl=/usr/src/debug/glibc-2.28-251.el8_10.14.x86_64/setjmp/../sysdeps/x86_64/setjmp.S
fn=__sigsetjmp
30 6 1 1 0 0 0 0 0 0
32 6 0 0 0 0 0 6 0 0
41 6 0 0 0 0 0 0 0 0
42 12 0 0 6 0 0 0 0 0
43 6 0 0 0 0 0 6 0 0
47 6 0 0 0 0 0 6 1 1
48 6 0 0 0 0 0 6 0 0
49 6 0 0 0 0 0 6 0 0
50 6 0 0 0 0 0 6 0 0
51 6 0 0 0 0 0 0 0 0
53 12 1 1 6 0 0 0 0 0
55 6 0 0 0 0 0 6 1 1
56 6 0 0 6 0 0 0 0 0
57 6 0 0 0 0 0 0 0 0
59 12 0 0 6 0 0 0 0 0
61 6 0 0 0 0 0 6 0 0
69 6 0 0 0 0 0 0 0 0
72 6 0 0 0 0 0 0 0 0
73 6 0 0 0 0 0 6 0 0
80 6 0 0 0 0 0 0 0 0
81 6 0 0 6 0 0 0 0 0
fl=/usr/src/debug/glibc-2.28-251.el8_10.14.x86_64/string/../include/rtld-malloc.h
fn=strdup
56 63 0 0 21 0 0 21 0 0
fl=/usr/src/debug/glibc-2.28-251.el8_10.14.x86_64/string/../string/strcspn.c
fn=strcspn
32 4 1 1 0 0 0 1 0 0
33 5 0 0 2 1 1 0 0 0
39 6 0 0 0 0 0 4 2 2
40 4 1 1 0 0 0 4 1 1
41 4 0 0 0 0 0 4 1 1
42 4 1 1 0 0 0 4 0 0
44 1 0 0 0 0 0 0 0 0
47 9 0 0 3 0 0 3 0 0
48 6 0 0 0 0 0 0 0 0
51 4 0 0 2 0 0 0 0 0
52 4 0 0 2 0 0 0 0 0
53 4 1 1 2 0 0 0 0 0
54 4 0 0 2 0 0 0 0 0
56 3 0 0 0 0 0 0 0 0
61 18 0 0 0 0 0 0 0 0
62 36 0 0 36 1 1 0 0 0
63 18 0 0 18 0 0 0 0 0
64 36 0 0 36 0 0 0 0 0
65 18 0 0 18 0 0 0 0 0
67 126 1 1 36 0 0 0 0 0
69 1 0 0 0 0 0 0 0 0
70 4 0 0 0 0 0 0 0 0
71 3 0 0 2 0 0 0 0 0
fl=/usr/src/debug/glibc-2.28-251.el8_10.14.x86_64/string/../sysdeps/x86_64/memcmp.S
fn=bcmp
23 7 1 1 0 0 0 0 0 0
28 7 0 0 0 0 0 0 0 0
29 7 0 0 0 0 0 0 0 0
30 7 0 0 0 0 0 0 0 0
31 7 0 0 0 0 0 0 0 0
32 7 0 0 0 0 0 0 0 0
33 7 0 0 0 0 0 0 0 0
34 7 1 1 0 0 0 0 0 0
35 7 0 0 0 0 0 0 0 0
38 1 0 0 0 0 0 0 0 0
39 1 0 0 0 0 0 0 0 0
40 1 0 0 1 0 0 0 0 0
41 1 0 0 1 0 0 0 0 0
42 1 0 0 0 0 0 0 0 0
43 1 0 0 0 0 0 0 0 0
44 1 0 0 0 0 0 0 0 0
45 1 0 0 0 0 0 0 0 0
46 1 0 0 0 0 0 0 0 0
48 1 0 0 0 0 0 0 0 0
49 1 0 0 0 0 0 0 0 0
58 1 1 1 0 0 0 0 0 0
59 1 0 0 0 0 0 0 0 0
68 1 0 0 0 0 0 0 0 0
69 1 0 0 0 0 0 0 0 0
70 1 0 0 1 0 0 0 0 0
71 1 0 0 1 0 0 0 0 0
72 1 0 0 0 0 0 0 0 0
73 1 0 0 0 0 0 0 0 0
74 1 1 1 0 0 0 0 0 0
75 1 0 0 0 0 0 0 0 0
76 1 0 0 0 0 0 0 0 0
96 6 0 0 0 0 0 0 0 0
98 6 0 0 6 0 0 0 0 0
102 1 0 0 0 0 0 0 0 0
103 1 0 0 0 0 0 0 0 0
104 1 1 1 0 0 0 0 0 0
105 1 0 0 0 0 0 0 0 0
106 1 0 0 0 0 0 0 0 0
107 1 0 0 0 0 0 0 0 0
108 1 0 0 0 0 0 0 0 0
109 1 0 0 0 0 0 0 0 0
110 1 0 0 0 0 0 0 0 0
111 1 0 0 0 0 0 0 0 0
112 1 0 0 0 0 0 0 0 0
113 1 0 0 0 0 0 0 0 0
114 1 0 0 1 0 0 0 0 0
132 6 0 0 0 0 0 0 0 0
133 6 0 0 0 0 0 0 0 0
134 6 0 0 0 0 0 0 0 0
136 6 0 0 0 0 0 0 0 0
137 6 0 0 0 0 0 0 0 0
149 6 1 1 0 0 0 0 0 0
150 6 0 0 0 0 0 0 0 0
220 1 1 1 0 0 0 0 0 0
221 1 0 0 0 0 0 0 0 0
222 1 0 0 0 0 0 0 0 0
223 1 0 0 0 0 0 0 0 0
226 1 0 0 1 0 0 0 0 0
227 1 0 0 1 0 0 0 0 0
228 1 0 0 0 0 0 0 0 0
229 1 0 0 0 0 0 0 0 0
230 1 0 0 0 0 0 0 0 0
231 1 0 0 0 0 0 0 0 0
233 1 0 0 1 0 0 0 0 0
234 1 0 0 1 0 0 0 0 0
235 1 0 0 0 0 0 0 0 0
236 1 0 0 0 0 0 0 0 0
237 1 0 0 0 0 0 0 0 0
250 6 1 1 0 0 0 0 0 0
251 6 0 0 6 0 0 0 0 0
252 6 0 0 0 0 0 0 0 0
253 6 0 0 6 0 0 0 0 0
254 6 0 0 0 0 0 0 0 0
258 6 1 1 0 0 0 0 0 0
259 6 0 0 0 0 0 0 0 0
260 6 0 0 0 0 0 0 0 0
261 6 0 0 0 0 0 0 0 0
262 6 0 0 0 0 0 0 0 0
263 6 0 0 0 0 0 0 0 0
265 4 0 0 4 0 0 0 0 0
266 4 0 0 4 0 0 0 0 0
267 4 0 0 0 0 0 0 0 0
268 4 0 0 0 0 0 0 0 0
269 4 0 0 0 0 0 0 0 0
270 4 0 0 0 0 0 0 0 0
271 4 0 0 0 0 0 0 0 0
272 4 0 0 0 0 0 0 0 0
275 6 0 0 0 0 0 0 0 0
276 6 0 0 0 0 0 0 0 0
277 6 1 1 0 0 0 0 0 0
278 6 0 0 0 0 0 0 0 0
280 2 0 0 2 0 0 0 0 0
281 2 0 0 2 0 0 0 0 0
282 2 0 0 0 0 0 0 0 0
283 2 0 0 0 0 0 0 0 0
284 2 0 0 0 0 0 0 0 0
285 2 0 0 0 0 0 0 0 0
287 2 0 0 2 0 0 0 0 0
288 2 0 0 2 0 0 0 0 0
289 2 0 0 0 0 0 0 0 0
290 2 0 0 0 0 0 0 0 0
291 2 0 0 0 0 0 0 0 0
295 4 0 0 0 0 0 0 0 0
296 4 1 1 0 0 0 0 0 0
299 3 0 0 3 0 0 0 0 0
300 3 0 0 3 0 0 0 0 0
301 3 0 0 0 0 0 0 0 0
302 3 0 0 0 0 0 0 0 0
303 3 0 0 0 0 0 0 0 0
304 3 0 0 0 0 0 0 0 0
306 3 0 0 3 0 0 0 0 0
307 3 0 0 3 0 0 0 0 0
308 3 0 0 0 0 0 0 0 0
309 3 0 0 0 0 0 0 0 0
310 3 0 0 0 0 0 0 0 0
311 3 0 0 0 0 0 0 0 0
313 3 1 1 3 0 0 0 0 0
314 3 0 0 3 0 0 0 0 0
315 3 0 0 0 0 0 0 0 0
316 3 0 0 0 0 0 0 0 0
317 3 0 0 0 0 0 0 0 0
318 1 0 0 0 0 0 0 0 0
320 1 0 0 1 0 0 0 0 0
321 1 0 0 1 0 0 0 0 0
322 1 0 0 0 0 0 0 0 0
323 1 0 0 0 0 0 0 0 0
324 1 0 0 0 0 0 0 0 0
fl=/usr/src/debug/glibc-2.28-251.el8_10.14.x86_64/string/../sysdeps/x86_64/multiarch/../strchr.S
fn=index
23 36 1 1 0 0 0 0 0 0
24 36 0 0 0 0 0 0 0 0
25 36 0 0 0 0 0 0 0 0
26 36 0 0 0 0 0 0 0 0
27 36 0 0 0 0 0 0 0 0
28 36 0 0 0 0 0 0 0 0
29 36 0 0 0 0 0 0 0 0
30 36 0 0 0 0 0 0 0 0
31 36 0 0 0 0 0 0 0 0
32 36 0 0 36 2 2 0 0 0
33 36 0 0 0 0 0 0 0 0
34 36 0 0 0 0 0 0 0 0
35 36 0 0 0 0 0 0 0 0
36 36 0 0 0 0 0 0 0 0
37 36 0 0 0 0 0 0 0 0
38 36 1 1 0 0 0 0 0 0
39 36 0 0 0 0 0 0 0 0
40 36 0 0 0 0 0 0 0 0
41 15 0 0 0 0 0 0 0 0
45 15 0 0 0 0 0 0 0 0
46 15 0 0 0 0 0 0 0 0
47 15 0 0 15 0 0 0 0 0
48 15 0 0 0 0 0 0 0 0
50 15 0 0 15 0 0 0 0 0
54 21 0 0 21 0 0 0 0 0
55 21 0 0 0 0 0 0 0 0
56 21 0 0 0 0 0 0 0 0
57 21 0 0 0 0 0 0 0 0
58 21 0 0 0 0 0 0 0 0
59 21 0 0 0 0 0 0 0 0
60 21 0 0 21 0 0 0 0 0
61 21 1 1 0 0 0 0 0 0
62 21 0 0 0 0 0 0 0 0
63 21 0 0 0 0 0 0 0 0
64 21 0 0 0 0 0 0 0 0
65 21 0 0 0 0 0 0 0 0
66 21 0 0 0 0 0 0 0 0
67 21 0 0 21 1 1 0 0 0
68 21 0 0 0 0 0 0 0 0
69 21 0 0 0 0 0 0 0 0
70 21 0 0 0 0 0 0 0 0
71 21 0 0 0 0 0 0 0 0
72 21 0 0 0 0 0 0 0 0
73 21 0 0 0 0 0 0 0 0
74 21 0 0 0 0 0 0 0 0
75 21 0 0 0 0 0 0 0 0
76 21 0 0 0 0 0 0 0 0
77 45 1 1 0 0 0 0 0 0
82 12 0 0 0 0 0 0 0 0
83 12 0 0 0 0 0 0 0 0
86 14 0 0 0 0 0 0 0 0
87 14 0 0 14 0 0 0 0 0
88 14 0 0 14 0 0 0 0 0
89 14 0 0 14 0 0 0 0 0
90 14 0 0 0 0 0 0 0 0
91 14 0 0 14 0 0 0 0 0
92 14 0 0 0 0 0 0 0 0
93 14 0 0 0 0 0 0 0 0
94 14 0 0 14 0 0 0 0 0
95 14 1 1 0 0 0 0 0 0
96 14 0 0 14 0 0 0 0 0
97 14 0 0 14 0 0 0 0 0
98 14 0 0 0 0 0 0 0 0
99 14 0 0 14 0 0 0 0 0
100 14 0 0 0 0 0 0 0 0
101 14 0 0 0 0 0 0 0 0
102 14 0 0 0 0 0 0 0 0
103 14 0 0 0 0 0 0 0 0
105 14 0 0 0 0 0 0 0 0
106 14 0 0 0 0 0 0 0 0
108 12 0 0 12 0 0 0 0 0
109 12 0 0 0 0 0 0 0 0
110 12 0 0 0 0 0 0 0 0
111 12 0 0 0 0 0 0 0 0
112 12 0 0 0 0 0 0 0 0
113 12 1 1 0 0 0 0 0 0
114 12 0 0 0 0 0 0 0 0
115 12 0 0 0 0 0 0 0 0
117 12 0 0 0 0 0 0 0 0
118 12 0 0 0 0 0 0 0 0
119 12 0 0 0 0 0 0 0 0
120 12 0 0 0 0 0 0 0 0
121 12 0 0 0 0 0 0 0 0
122 12 0 0 0 0 0 0 0 0
123 12 0 0 0 0 0 0 0 0
124 12 0 0 0 0 0 0 0 0
125 12 0 0 0 0 0 0 0 0
126 12 0 0 0 0 0 0 0 0
129 21 0 0 0 0 0 0 0 0
133 21 0 0 0 0 0 0 0 0
134 21 0 0 0 0 0 0 0 0
135 21 0 0 21 0 0 0 0 0
136 21 1 1 0 0 0 0 0 0
138 21 0 0 21 0 0 0 0 0
fl=/usr/src/debug/glibc-2.28-251.el8_10.14.x86_64/string/../sysdeps/x86_64/multiarch/memmove-vec-unaligned-erms.S
fn=memcpy
190 40 2 1 0 0 0 0 0 0
191 40 0 0 0 0 0 0 0 0
197 542 0 0 0 0 0 0 0 0
198 542 0 0 0 0 0 0 0 0
199 151 1 0 0 0 0 0 0 0
200 151 0 0 0 0 0 0 0 0
205 79 0 0 79 0 0 0 0 0
206 79 0 0 79 0 0 0 0 0
207 79 0 0 0 0 0 79 6 6
208 79 0 0 0 0 0 79 3 3
211 79 0 0 79 0 0 0 0 0
358 391 2 1 0 0 0 0 0 0
359 391 0 0 0 0 0 0 0 0
360 86 0 0 0 0 0 0 0 0
361 86 0 0 0 0 0 0 0 0
362 43 0 0 0 0 0 0 0 0
363 43 0 0 0 0 0 0 0 0
364 41 0 0 0 0 0 0 0 0
365 1 0 0 1 1 1 0 0 0
366 1 0 0 0 0 0 1 1 1
368 41 0 0 41 0 0 0 0 0
389 305 0 0 305 1 1 0 0 0
390 305 0 0 305 0 0 0 0 0
391 305 0 0 0 0 0 305 4 4
392 305 0 0 0 0 0 305 0 0
393 305 0 0 305 0 0 0 0 0
396 43 0 0 43 0 0 0 0 0
397 43 0 0 43 0 0 0 0 0
398 43 0 0 0 0 0 43 0 0
399 43 0 0 0 0 0 43 0 0
400 43 0 0 43 0 0 0 0 0
403 2 1 1 2 1 1 0 0 0
404 2 0 0 2 0 0 0 0 0
405 2 0 0 0 0 0 2 0 0
406 2 0 0 0 0 0 2 0 0
407 2 0 0 2 0 0 0 0 0
417 72 1 0 0 0 0 0 0 0
418 72 0 0 0 0 0 0 0 0
419 71 0 0 0 0 0 0 0 0
420 71 0 0 0 0 0 0 0 0
422 48 0 0 48 0 0 0 0 0
423 48 0 0 48 0 0 0 0 0
424 48 0 0 48 0 0 0 0 0
425 48 0 0 48 0 0 0 0 0
426 48 0 0 48 0 0 0 0 0
427 48 1 1 48 0 0 0 0 0
428 48 0 0 48 0 0 0 0 0
429 48 0 0 48 0 0 0 0 0
430 48 0 0 0 0 0 48 15 15
431 48 0 0 0 0 0 48 7 7
432 48 0 0 0 0 0 48 8 8
433 48 0 0 0 0 0 48 8 8
434 48 0 0 0 0 0 48 8 8
435 48 0 0 0 0 0 48 0 0
436 48 0 0 0 0 0 48 0 0
437 48 0 0 0 0 0 48 0 0
438 48 0 0 48 0 0 0 0 0
441 23 1 0 23 0 0 0 0 0
442 23 0 0 23 0 0 0 0 0
443 23 0 0 23 0 0 0 0 0
444 23 1 0 23 0 0 0 0 0
445 23 0 0 0 0 0 23 8 8
446 23 0 0 0 0 0 23 1 1
447 23 0 0 0 0 0 23 5 5
448 23 0 0 0 0 0 23 0 0
449 23 0 0 23 0 0 0 0 0
461 1 1 1 0 0 0 0 0 0
462 1 0 0 0 0 0 0 0 0
464 1 0 0 0 0 0 0 0 0
467 1 0 0 1 0 0 0 0 0
468 1 0 0 1 0 0 0 0 0
469 1 0 0 1 0 0 0 0 0
470 1 0 0 1 0 0 0 0 0
471 1 0 0 1 0 0 0 0 0
473 1 0 0 0 0 0 0 0 0
474 1 1 1 0 0 0 0 0 0
477 1 0 0 0 0 0 0 0 0
478 1 0 0 0 0 0 0 0 0
480 1 0 0 0 0 0 0 0 0
482 1 0 0 0 0 0 0 0 0
484 1 0 0 0 0 0 0 0 0
486 2 0 0 0 0 0 0 0 0
491 18 0 0 18 0 0 0 0 0
492 18 0 0 18 0 0 0 0 0
493 18 0 0 18 0 0 0 0 0
494 18 0 0 18 0 0 0 0 0
495 18 0 0 0 0 0 0 0 0
496 18 0 0 0 0 0 0 0 0
497 18 0 0 0 0 0 18 0 0
498 18 0 0 0 0 0 18 0 0
499 18 1 1 0 0 0 18 9 9
500 18 0 0 0 0 0 18 0 0
501 18 0 0 0 0 0 0 0 0
502 18 0 0 0 0 0 0 0 0
503 18 0 0 0 0 0 0 0 0
505 1 0 0 0 0 0 1 0 0
506 1 0 0 0 0 0 1 0 0
507 1 0 0 0 0 0 1 0 0
508 1 0 0 0 0 0 1 0 0
510 1 0 0 0 0 0 1 0 0
511 1 0 0 1 0 0 0 0 0
fn=mempcpy
177 502 0 0 0 0 0 0 0 0
178 502 0 0 0 0 0 0 0 0
179 502 0 0 0 0 0 0 0 0
180 502 0 0 0 0 0 0 0 0
fl=/usr/src/debug/glibc-2.28-251.el8_10.14.x86_64/string/../sysdeps/x86_64/multiarch/memset-vec-unaligned-erms.S
fn=memset
169 4 1 1 0 0 0 0 0 0
170 20 0 0 0 0 0 0 0 0
175 4 0 0 0 0 0 0 0 0
176 4 2 1 0 0 0 0 0 0
179 2 0 0 0 0 0 0 0 0
180 2 0 0 0 0 0 0 0 0
338 2 0 0 0 0 0 2 2 2
339 2 0 0 0 0 0 2 1 1
351 2 0 0 0 0 0 0 0 0
354 2 0 0 0 0 0 0 0 0
355 2 0 0 0 0 0 0 0 0
367 2 0 0 0 0 0 2 0 0
368 2 0 0 0 0 0 2 0 0
381 2 0 0 0 0 0 0 0 0
382 2 0 0 0 0 0 0 0 0
384 2 0 0 0 0 0 0 0 0
387 2 2 1 0 0 0 0 0 0
390 4 0 0 0 0 0 0 0 0
393 32 0 0 0 0 0 32 0 0
394 32 0 0 0 0 0 32 0 0
395 32 0 0 0 0 0 32 32 32
396 32 0 0 0 0 0 32 0 0
397 32 0 0 0 0 0 0 0 0
398 32 0 0 0 0 0 0 0 0
399 32 0 0 0 0 0 0 0 0
402 2 0 0 0 0 0 2 0 0
403 2 0 0 0 0 0 2 0 0
404 2 0 0 0 0 0 2 0 0
405 2 0 0 0 0 0 2 0 0
410 2 0 0 2 0 0 0 0 0
447 2 1 1 0 0 0 0 0 0
452 2 0 0 0 0 0 0 0 0
453 2 0 0 0 0 0 0 0 0
492 2 0 0 0 0 0 2 2 2
493 2 0 0 0 0 0 2 0 0
495 2 0 0 2 0 0 0 0 0
fl=/usr/src/debug/glibc-2.28-251.el8_10.14.x86_64/string/../sysdeps/x86_64/multiarch/strlen-vec.S
fn=strlen
41 55 1 1 0 0 0 0 0 0
85 55 0 0 0 0 0 0 0 0
86 55 0 0 0 0 0 0 0 0
87 55 0 0 0 0 0 0 0 0
88 55 0 0 0 0 0 0 0 0
89 55 0 0 0 0 0 0 0 0
90 55 0 0 0 0 0 0 0 0
91 55 0 0 0 0 0 0 0 0
93 55 0 0 0 0 0 0 0 0
95 55 0 0 0 0 0 0 0 0
126 55 0 0 55 2 2 0 0 0
127 55 0 0 0 0 0 0 0 0
128 55 0 0 0 0 0 0 0 0
129 55 0 0 0 0 0 0 0 0
130 55 0 0 0 0 0 0 0 0
131 9 0 0 0 0 0 0 0 0
133 9 0 0 9 0 0 0 0 0
137 46 1 1 0 0 0 0 0 0
138 46 0 0 46 1 1 0 0 0
139 46 0 0 46 2 2 0 0 0
140 46 0 0 46 1 1 0 0 0
141 46 0 0 0 0 0 0 0 0
142 46 0 0 0 0 0 0 0 0
143 46 0 0 0 0 0 0 0 0
144 46 0 0 0 0 0 0 0 0
145 46 0 0 0 0 0 0 0 0
146 46 0 0 0 0 0 0 0 0
147 46 0 0 0 0 0 0 0 0
148 46 0 0 0 0 0 0 0 0
153 310 1 1 17 0 0 0 0 0
227 38 1 1 38 8 8 0 0 0
228 38 0 0 38 0 0 0 0 0
229 38 0 0 38 0 0 0 0 0
230 38 0 0 38 0 0 0 0 0
231 38 0 0 0 0 0 0 0 0
232 38 0 0 0 0 0 0 0 0
233 38 0 0 0 0 0 0 0 0
234 38 0 0 0 0 0 0 0 0
236 13 0 0 0 0 0 0 0 0
238 13 0 0 13 9 9 0 0 0
239 13 0 0 13 0 0 0 0 0
240 13 0 0 13 0 0 0 0 0
241 13 0 0 13 0 0 0 0 0
242 13 0 0 0 0 0 0 0 0
243 13 0 0 0 0 0 0 0 0
244 13 1 1 0 0 0 0 0 0
245 13 0 0 0 0 0 0 0 0
246 9 0 0 0 0 0 0 0 0
250 25 0 0 0 0 0 0 0 0
252 29 0 0 0 0 0 0 0 0
253 406 1 1 116 0 0 0 0 0
255 29 0 0 0 0 0 0 0 0
256 29 0 0 0 0 0 0 0 0
257 29 0 0 0 0 0 0 0 0
259 29 0 0 29 0 0 0 0 0
fl=/usr/src/debug/glibc-2.28-251.el8_10.14.x86_64/string/../sysdeps/x86_64/strcmp.S
fn=strcmp
109 277 1 1 0 0 0 0 0 0
142 277 0 0 0 0 0 0 0 0
143 277 0 0 0 0 0 0 0 0
145 277 0 0 0 0 0 0 0 0
146 277 0 0 0 0 0 0 0 0
167 277 1 1 0 0 0 0 0 0
168 277 0 0 0 0 0 0 0 0
169 235 0 0 0 0 0 0 0 0
170 235 0 0 0 0 0 0 0 0
171 189 0 0 189 22 12 0 0 0
172 189 0 0 189 2 0 0 0 0
173 189 0 0 189 0 0 0 0 0
174 189 0 0 189 0 0 0 0 0
191 189 0 0 0 0 0 0 0 0
192 189 0 0 0 0 0 0 0 0
193 189 0 0 0 0 0 0 0 0
194 189 0 0 0 0 0 0 0 0
195 189 0 0 0 0 0 0 0 0
196 189 0 0 0 0 0 0 0 0
197 189 0 0 0 0 0 0 0 0
202 9 0 0 0 0 0 0 0 0
203 27 0 0 0 0 0 0 0 0
212 97 1 1 0 0 0 0 0 0
213 97 0 0 0 0 0 0 0 0
214 97 0 0 0 0 0 0 0 0
215 97 0 0 0 0 0 0 0 0
216 97 0 0 0 0 0 0 0 0
217 97 0 0 0 0 0 0 0 0
218 97 0 0 0 0 0 0 0 0
219 97 0 0 0 0 0 0 0 0
220 92 0 0 0 0 0 0 0 0
221 56 0 0 0 0 0 0 0 0
222 56 0 0 0 0 0 0 0 0
223 56 0 0 0 0 0 0 0 0
225 92 0 0 0 0 0 0 0 0
226 92 0 0 0 0 0 0 0 0
227 92 0 0 0 0 0 0 0 0
228 92 0 0 92 6 2 0 0 0
229 92 0 0 0 0 0 0 0 0
230 92 0 0 0 0 0 0 0 0
240 5 1 1 5 1 1 0 0 0
241 5 0 0 0 0 0 0 0 0
242 5 0 0 0 0 0 0 0 0
244 5 0 0 5 3 3 0 0 0
250 5 0 0 0 0 0 0 0 0
251 5 0 0 0 0 0 0 0 0
252 5 0 0 0 0 0 0 0 0
253 5 0 0 0 0 0 0 0 0
254 5 0 0 0 0 0 0 0 0
259 5 0 0 0 0 0 0 0 0
261 1 0 0 0 0 0 0 0 0
262 1 1 1 0 0 0 0 0 0
263 2 0 0 0 0 0 0 0 0
271 1 0 0 1 0 0 0 0 0
272 1 0 0 1 0 0 0 0 0
275 1 0 0 0 0 0 0 0 0
276 1 0 0 0 0 0 0 0 0
277 1 0 0 0 0 0 0 0 0
278 1 0 0 0 0 0 0 0 0
279 1 0 0 0 0 0 0 0 0
280 1 0 0 0 0 0 0 0 0
311 14 1 1 0 0 0 0 0 0
312 14 0 0 14 0 0 0 0 0
313 14 0 0 14 0 0 0 0 0
314 14 0 0 0 0 0 0 0 0
315 14 1 1 0 0 0 0 0 0
317 14 0 0 0 0 0 0 0 0
318 14 0 0 0 0 0 0 0 0
319 14 0 0 0 0 0 0 0 0
320 14 0 0 0 0 0 0 0 0
321 14 0 0 0 0 0 0 0 0
322 14 0 0 0 0 0 0 0 0
323 14 0 0 0 0 0 0 0 0
324 3 0 0 3 0 0 0 0 0
327 3 0 0 0 0 0 0 0 0
328 3 0 0 0 0 0 0 0 0
329 3 0 0 0 0 0 0 0 0
335 3 0 0 0 0 0 0 0 0
336 3 0 0 0 0 0 0 0 0
337 6 1 1 0 0 0 0 0 0
341 3 0 0 0 0 0 0 0 0
342 3 0 0 0 0 0 0 0 0
345 3 0 0 3 0 0 0 0 0
346 3 0 0 3 0 0 0 0 0
347 3 0 0 0 0 0 0 0 0
350 3 0 0 0 0 0 0 0 0
351 3 0 0 0 0 0 0 0 0
352 3 0 0 0 0 0 0 0 0
358 3 0 0 0 0 0 0 0 0
359 3 0 0 0 0 0 0 0 0
360 3 1 1 0 0 0 0 0 0
361 3 0 0 0 0 0 0 0 0
362 3 0 0 0 0 0 0 0 0
363 3 0 0 0 0 0 0 0 0
441 1 1 1 0 0 0 0 0 0
442 1 0 0 1 0 0 0 0 0
443 1 0 0 1 0 0 0 0 0
444 1 0 0 0 0 0 0 0 0
445 1 1 1 0 0 0 0 0 0
447 1 0 0 0 0 0 0 0 0
448 1 0 0 0 0 0 0 0 0
449 1 0 0 0 0 0 0 0 0
450 1 0 0 0 0 0 0 0 0
451 1 0 0 0 0 0 0 0 0
452 1 0 0 0 0 0 0 0 0
453 1 0 0 0 0 0 0 0 0
565 4 1 1 0 0 0 0 0 0
566 4 0 0 4 0 0 0 0 0
567 4 0 0 4 0 0 0 0 0
568 4 0 0 0 0 0 0 0 0
569 4 1 1 0 0 0 0 0 0
571 4 0 0 0 0 0 0 0 0
572 4 0 0 0 0 0 0 0 0
573 4 0 0 0 0 0 0 0 0
574 4 0 0 0 0 0 0 0 0
575 4 0 0 0 0 0 0 0 0
576 4 0 0 0 0 0 0 0 0
577 4 0 0 0 0 0 0 0 0
578 4 0 0 4 0 0 0 0 0
582 4 0 0 0 0 0 0 0 0
583 4 0 0 0 0 0 0 0 0
584 4 0 0 0 0 0 0 0 0
590 4 0 0 0 0 0 0 0 0
591 4 0 0 0 0 0 0 0 0
592 8 1 1 0 0 0 0 0 0
596 4 0 0 0 0 0 0 0 0
597 4 0 0 0 0 0 0 0 0
600 4 0 0 4 0 0 0 0 0
601 4 0 0 4 0 0 0 0 0
602 4 0 0 0 0 0 0 0 0
605 4 0 0 0 0 0 0 0 0
606 4 0 0 0 0 0 0 0 0
607 4 0 0 0 0 0 0 0 0
613 4 0 0 0 0 0 0 0 0
614 4 0 0 0 0 0 0 0 0
615 4 1 1 0 0 0 0 0 0
616 4 0 0 0 0 0 0 0 0
617 4 0 0 0 0 0 0 0 0
618 4 0 0 0 0 0 0 0 0
690 1 1 1 0 0 0 0 0 0
691 1 0 0 1 0 0 0 0 0
692 1 0 0 1 0 0 0 0 0
693 1 0 0 0 0 0 0 0 0
694 1 1 1 0 0 0 0 0 0
696 1 0 0 0 0 0 0 0 0
697 1 0 0 0 0 0 0 0 0
698 1 0 0 0 0 0 0 0 0
699 1 0 0 0 0 0 0 0 0
700 1 0 0 0 0 0 0 0 0
701 1 0 0 0 0 0 0 0 0
702 1 0 0 0 0 0 0 0 0
940 3 1 1 0 0 0 0 0 0
941 3 0 0 3 1 1 0 0 0
942 3 0 0 3 1 1 0 0 0
943 3 0 0 0 0 0 0 0 0
944 3 1 1 0 0 0 0 0 0
946 3 0 0 0 0 0 0 0 0
947 3 0 0 0 0 0 0 0 0
948 3 0 0 0 0 0 0 0 0
949 3 0 0 0 0 0 0 0 0
950 3 0 0 0 0 0 0 0 0
951 3 0 0 0 0 0 0 0 0
952 3 0 0 0 0 0 0 0 0
953 2 0 0 2 0 0 0 0 0
957 2 0 0 0 0 0 0 0 0
958 2 0 0 0 0 0 0 0 0
959 2 0 0 0 0 0 0 0 0
965 2 0 0 0 0 0 0 0 0
966 2 0 0 0 0 0 0 0 0
967 4 1 1 0 0 0 0 0 0
971 2 0 0 0 0 0 0 0 0
972 2 0 0 0 0 0 0 0 0
975 2 0 0 2 0 0 0 0 0
976 2 0 0 2 1 1 0 0 0
977 2 0 0 0 0 0 0 0 0
980 2 0 0 0 0 0 0 0 0
981 2 0 0 0 0 0 0 0 0
982 2 0 0 0 0 0 0 0 0
988 2 0 0 0 0 0 0 0 0
989 2 0 0 0 0 0 0 0 0
990 2 1 1 0 0 0 0 0 0
991 2 0 0 0 0 0 0 0 0
992 2 0 0 0 0 0 0 0 0
993 2 0 0 0 0 0 0 0 0
1065 3 1 1 0 0 0 0 0 0
1066 3 0 0 3 1 1 0 0 0
1067 3 0 0 3 0 0 0 0 0
1068 3 0 0 0 0 0 0 0 0
1069 3 1 1 0 0 0 0 0 0
1071 3 0 0 0 0 0 0 0 0
1072 3 0 0 0 0 0 0 0 0
1073 3 0 0 0 0 0 0 0 0
1074 3 0 0 0 0 0 0 0 0
1075 3 0 0 0 0 0 0 0 0
1076 3 0 0 0 0 0 0 0 0
1077 3 0 0 0 0 0 0 0 0
1078 3 0 0 3 0 0 0 0 0
1082 3 0 0 0 0 0 0 0 0
1083 3 0 0 0 0 0 0 0 0
1084 3 0 0 0 0 0 0 0 0
1090 3 0 0 0 0 0 0 0 0
1091 3 0 0 0 0 0 0 0 0
1092 6 1 1 0 0 0 0 0 0
1096 3 0 0 0 0 0 0 0 0
1097 3 0 0 0 0 0 0 0 0
1100 3 0 0 3 0 0 0 0 0
1101 3 0 0 3 1 1 0 0 0
1102 3 0 0 0 0 0 0 0 0
1105 3 0 0 0 0 0 0 0 0
1106 3 0 0 0 0 0 0 0 0
1107 3 0 0 0 0 0 0 0 0
1113 3 0 0 0 0 0 0 0 0
1114 3 0 0 0 0 0 0 0 0
1115 3 1 1 0 0 0 0 0 0
1116 3 0 0 0 0 0 0 0 0
1117 3 0 0 0 0 0 0 0 0
1118 3 0 0 0 0 0 0 0 0
1190 5 2 1 0 0 0 0 0 0
1191 5 0 0 5 1 1 0 0 0
1192 5 0 0 5 1 1 0 0 0
1193 5 0 0 0 0 0 0 0 0
1194 5 2 1 0 0 0 0 0 0
1196 5 0 0 0 0 0 0 0 0
1197 5 0 0 0 0 0 0 0 0
1198 5 0 0 0 0 0 0 0 0
1199 5 0 0 0 0 0 0 0 0
1200 5 0 0 0 0 0 0 0 0
1201 5 0 0 0 0 0 0 0 0
1202 5 0 0 0 0 0 0 0 0
1203 2 0 0 2 0 0 0 0 0
1207 2 0 0 0 0 0 0 0 0
1208 2 0 0 0 0 0 0 0 0
1209 2 0 0 0 0 0 0 0 0
1215 2 0 0 0 0 0 0 0 0
1216 2 0 0 0 0 0 0 0 0
1217 4 1 1 0 0 0 0 0 0
1221 2 0 0 0 0 0 0 0 0
1222 2 0 0 0 0 0 0 0 0
1225 2 0 0 2 1 1 0 0 0
1226 2 0 0 2 0 0 0 0 0
1227 2 0 0 0 0 0 0 0 0
1230 2 0 0 0 0 0 0 0 0
1231 2 0 0 0 0 0 0 0 0
1232 2 0 0 0 0 0 0 0 0
1238 2 0 0 0 0 0 0 0 0
1239 2 0 0 0 0 0 0 0 0
1240 2 1 1 0 0 0 0 0 0
1241 2 0 0 0 0 0 0 0 0
1242 2 0 0 0 0 0 0 0 0
1243 2 0 0 0 0 0 0 0 0
1315 11 1 1 0 0 0 0 0 0
1316 11 0 0 11 2 2 0 0 0
1317 11 0 0 11 2 2 0 0 0
1318 11 0 0 0 0 0 0 0 0
1319 11 1 1 0 0 0 0 0 0
1321 11 0 0 0 0 0 0 0 0
1322 11 0 0 0 0 0 0 0 0
1323 11 0 0 0 0 0 0 0 0
1324 11 0 0 0 0 0 0 0 0
1325 11 0 0 0 0 0 0 0 0
1326 11 0 0 0 0 0 0 0 0
1327 11 0 0 0 0 0 0 0 0
1328 8 0 0 8 0 0 0 0 0
1332 8 0 0 0 0 0 0 0 0
1333 8 0 0 0 0 0 0 0 0
1334 8 0 0 0 0 0 0 0 0
1340 8 0 0 0 0 0 0 0 0
1341 8 0 0 0 0 0 0 0 0
1342 16 1 1 0 0 0 0 0 0
1346 8 0 0 0 0 0 0 0 0
1347 8 0 0 0 0 0 0 0 0
1350 8 0 0 8 1 1 0 0 0
1351 8 0 0 8 1 1 0 0 0
1352 8 0 0 0 0 0 0 0 0
1355 8 0 0 0 0 0 0 0 0
1356 8 0 0 0 0 0 0 0 0
1357 8 0 0 0 0 0 0 0 0
1363 8 0 0 0 0 0 0 0 0
1364 8 0 0 0 0 0 0 0 0
1365 8 1 1 0 0 0 0 0 0
1366 8 0 0 0 0 0 0 0 0
1367 8 0 0 0 0 0 0 0 0
1368 8 0 0 0 0 0 0 0 0
1375 3 0 0 0 0 0 0 0 0
1376 3 0 0 0 0 0 0 0 0
1378 3 0 0 0 0 0 0 0 0
1379 3 0 0 0 0 0 0 0 0
1381 3 0 0 3 0 0 0 0 0
1382 3 0 0 3 1 1 0 0 0
1383 3 0 0 0 0 0 0 0 0
1386 3 0 0 0 0 0 0 0 0
1387 3 0 0 0 0 0 0 0 0
1388 3 0 0 0 0 0 0 0 0
1394 3 0 0 0 0 0 0 0 0
1395 3 1 1 0 0 0 0 0 0
1396 3 0 0 0 0 0 0 0 0
1397 3 0 0 0 0 0 0 0 0
1398 3 0 0 0 0 0 0 0 0
1399 3 0 0 0 0 0 0 0 0
1440 3 1 1 0 0 0 0 0 0
1441 3 0 0 3 1 1 0 0 0
1442 3 0 0 3 0 0 0 0 0
1443 3 0 0 0 0 0 0 0 0
1444 3 1 1 0 0 0 0 0 0
1446 3 0 0 0 0 0 0 0 0
1447 3 0 0 0 0 0 0 0 0
1448 3 0 0 0 0 0 0 0 0
1449 3 0 0 0 0 0 0 0 0
1450 3 0 0 0 0 0 0 0 0
1451 3 0 0 0 0 0 0 0 0
1452 3 0 0 0 0 0 0 0 0
1453 3 0 0 3 0 0 0 0 0
1457 3 0 0 0 0 0 0 0 0
1458 3 0 0 0 0 0 0 0 0
1459 3 0 0 0 0 0 0 0 0
1465 3 0 0 0 0 0 0 0 0
1466 3 0 0 0 0 0 0 0 0
1467 6 1 1 0 0 0 0 0 0
1471 3 0 0 0 0 0 0 0 0
1472 3 0 0 0 0 0 0 0 0
1475 3 0 0 3 0 0 0 0 0
1476 3 0 0 3 2 1 0 0 0
1477 3 0 0 0 0 0 0 0 0
1480 3 0 0 0 0 0 0 0 0
1481 3 0 0 0 0 0 0 0 0
1482 3 0 0 0 0 0 0 0 0
1488 3 0 0 0 0 0 0 0 0
1489 3 0 0 0 0 0 0 0 0
1490 3 1 1 0 0 0 0 0 0
1491 3 0 0 0 0 0 0 0 0
1492 3 0 0 0 0 0 0 0 0
1493 3 0 0 0 0 0 0 0 0
1565 15 1 1 0 0 0 0 0 0
1566 15 0 0 15 1 1 0 0 0
1567 15 0 0 15 0 0 0 0 0
1568 15 0 0 0 0 0 0 0 0
1569 15 1 1 0 0 0 0 0 0
1571 15 0 0 0 0 0 0 0 0
1572 15 0 0 0 0 0 0 0 0
1573 15 0 0 0 0 0 0 0 0
1574 15 0 0 0 0 0 0 0 0
1575 15 0 0 0 0 0 0 0 0
1576 15 0 0 0 0 0 0 0 0
1577 15 0 0 0 0 0 0 0 0
1690 9 2 1 0 0 0 0 0 0
1691 9 0 0 9 1 1 0 0 0
1692 9 0 0 9 3 2 0 0 0
1693 9 0 0 0 0 0 0 0 0
1694 9 2 1 0 0 0 0 0 0
1696 9 0 0 0 0 0 0 0 0
1697 9 0 0 0 0 0 0 0 0
1698 9 0 0 0 0 0 0 0 0
1699 9 0 0 0 0 0 0 0 0
1700 9 0 0 0 0 0 0 0 0
1701 9 0 0 0 0 0 0 0 0
1702 9 0 0 0 0 0 0 0 0
1703 8 0 0 8 0 0 0 0 0
1707 8 0 0 0 0 0 0 0 0
1708 8 0 0 0 0 0 0 0 0
1709 8 0 0 0 0 0 0 0 0
1715 8 0 0 0 0 0 0 0 0
1716 8 0 0 0 0 0 0 0 0
1717 16 3 1 0 0 0 0 0 0
1721 8 0 0 0 0 0 0 0 0
1722 8 0 0 0 0 0 0 0 0
1725 8 0 0 8 1 1 0 0 0
1726 8 0 0 8 0 0 0 0 0
1727 8 0 0 0 0 0 0 0 0
1730 8 0 0 0 0 0 0 0 0
1731 8 0 0 0 0 0 0 0 0
1732 8 0 0 0 0 0 0 0 0
1738 8 0 0 0 0 0 0 0 0
1739 8 0 0 0 0 0 0 0 0
1740 8 2 1 0 0 0 0 0 0
1741 8 0 0 0 0 0 0 0 0
1742 8 0 0 0 0 0 0 0 0
1743 8 0 0 0 0 0 0 0 0
1815 8 1 1 0 0 0 0 0 0
1816 8 0 0 8 0 0 0 0 0
1817 8 0 0 8 1 1 0 0 0
1818 8 0 0 0 0 0 0 0 0
1819 8 2 1 0 0 0 0 0 0
1821 8 0 0 0 0 0 0 0 0
1822 8 0 0 0 0 0 0 0 0
1823 8 0 0 0 0 0 0 0 0
1824 8 0 0 0 0 0 0 0 0
1825 8 0 0 0 0 0 0 0 0
1826 8 0 0 0 0 0 0 0 0
1827 8 0 0 0 0 0 0 0 0
1828 3 0 0 3 0 0 0 0 0
1832 3 0 0 0 0 0 0 0 0
1833 3 0 0 0 0 0 0 0 0
1834 3 0 0 0 0 0 0 0 0
1840 3 0 0 0 0 0 0 0 0
1841 3 0 0 0 0 0 0 0 0
1842 6 2 1 0 0 0 0 0 0
1846 3 0 0 0 0 0 0 0 0
1847 3 0 0 0 0 0 0 0 0
1850 3 0 0 3 1 1 0 0 0
1851 3 0 0 3 1 1 0 0 0
1852 3 0 0 0 0 0 0 0 0
1855 3 0 0 0 0 0 0 0 0
1856 3 0 0 0 0 0 0 0 0
1857 3 0 0 0 0 0 0 0 0
1863 3 0 0 0 0 0 0 0 0
1864 3 0 0 0 0 0 0 0 0
1865 3 2 1 0 0 0 0 0 0
1866 3 0 0 0 0 0 0 0 0
1867 3 0 0 0 0 0 0 0 0
1868 3 0 0 0 0 0 0 0 0
1940 7 1 1 0 0 0 0 0 0
1941 7 0 0 7 0 0 0 0 0
1942 7 0 0 7 0 0 0 0 0
1943 7 0 0 0 0 0 0 0 0
1944 7 1 1 0 0 0 0 0 0
1946 7 0 0 0 0 0 0 0 0
1947 7 0 0 0 0 0 0 0 0
1948 7 0 0 0 0 0 0 0 0
1949 7 0 0 0 0 0 0 0 0
1950 7 0 0 0 0 0 0 0 0
1951 7 0 0 0 0 0 0 0 0
1952 7 0 0 0 0 0 0 0 0
1953 2 0 0 2 0 0 0 0 0
1957 2 0 0 0 0 0 0 0 0
1958 2 0 0 0 0 0 0 0 0
1959 2 0 0 0 0 0 0 0 0
1965 2 0 0 0 0 0 0 0 0
1966 2 0 0 0 0 0 0 0 0
1967 4 1 1 0 0 0 0 0 0
1971 2 0 0 0 0 0 0 0 0
1972 2 0 0 0 0 0 0 0 0
1975 2 0 0 2 0 0 0 0 0
1976 2 0 0 2 0 0 0 0 0
1977 2 0 0 0 0 0 0 0 0
1980 2 0 0 0 0 0 0 0 0
1981 2 0 0 0 0 0 0 0 0
1982 2 0 0 0 0 0 0 0 0
1988 2 0 0 0 0 0 0 0 0
1989 2 0 0 0 0 0 0 0 0
1990 2 1 1 0 0 0 0 0 0
1991 2 0 0 0 0 0 0 0 0
1992 2 0 0 0 0 0 0 0 0
1993 2 0 0 0 0 0 0 0 0
2065 8 2 1 0 0 0 0 0 0
2066 8 0 0 8 0 0 0 0 0
2067 8 0 0 8 2 2 0 0 0
2068 8 0 0 0 0 0 0 0 0
2069 8 2 1 0 0 0 0 0 0
2071 8 0 0 0 0 0 0 0 0
2072 8 0 0 0 0 0 0 0 0
2073 8 0 0 0 0 0 0 0 0
2074 8 0 0 0 0 0 0 0 0
2075 8 0 0 0 0 0 0 0 0
2076 8 0 0 0 0 0 0 0 0
2077 8 0 0 0 0 0 0 0 0
2079 6 0 0 6 0 0 0 0 0
2083 6 0 0 0 0 0 0 0 0
2084 6 0 0 0 0 0 0 0 0
2085 6 0 0 0 0 0 0 0 0
2091 6 0 0 0 0 0 0 0 0
2092 6 0 0 0 0 0 0 0 0
2094 12 1 1 0 0 0 0 0 0
2098 6 0 0 0 0 0 0 0 0
2099 6 0 0 0 0 0 0 0 0
2102 6 0 0 6 1 1 0 0 0
2103 6 0 0 6 0 0 0 0 0
2104 6 0 0 0 0 0 0 0 0
2107 6 0 0 0 0 0 0 0 0
2108 6 0 0 0 0 0 0 0 0
2109 6 0 0 0 0 0 0 0 0
2115 6 0 0 0 0 0 0 0 0
2116 6 0 0 0 0 0 0 0 0
2117 6 1 1 0 0 0 0 0 0
2118 6 0 0 0 0 0 0 0 0
2119 6 0 0 0 0 0 0 0 0
2120 6 0 0 0 0 0 0 0 0
2194 45 0 0 0 0 0 0 0 0
2196 97 1 1 0 0 0 0 0 0
2197 97 0 0 0 0 0 0 0 0
2198 97 0 0 0 0 0 0 0 0
2199 97 1 1 0 0 0 0 0 0
2200 112 0 0 0 0 0 0 0 0
2205 277 0 0 0 0 0 0 0 0
2211 277 0 0 277 0 0 0 0 0
2212 277 0 0 277 0 0 0 0 0
2220 277 0 0 0 0 0 0 0 0
2221 277 0 0 277 0 0 0 0 0
fl=/usr/src/debug/glibc-2.28-251.el8_10.14.x86_64/string/strdup.c
fn=strdup
40 105 1 1 0 0 0 42 0 0
41 42 1 1 0 0 0 21 0 0
44 42 0 0 0 0 0 0 0 0
47 105 0 0 0 0 0 21 0 0
48 105 0 0 63 0 0 0 0 0
fl=???
fn=(below main)
0 70 6 5 19 2 0 18 0 0
fn=???
0 352 38 29 149 22 0 32 1 1
fn=_Exit
0 9 1 1 1 0 0 0 0 0
fn=_IO_cleanup
0 147 15 15 46 0 0 26 0 0
fn=_IO_default_finish
0 16 2 2 6 0 0 1 0 0
fn=_IO_default_setbuf
0 54 5 5 9 0 0 15 0 0
fn=_IO_default_xsputn
0 68 5 5 14 0 0 12 0 0
fn=_IO_do_write@@GLIBC_2.2.5
0 29 3 2 5 0 0 4 0 0
fn=_IO_doallocbuf
0 52 3 3 16 2 0 8 2 0
fn=_IO_file_close
0 3 1 1 1 0 0 0 0 0
fn=_IO_file_close_it@@GLIBC_2.2.5
0 64 6 6 13 0 0 17 0 0
fn=_IO_file_doallocate
0 106 5 4 24 2 0 14 2 0
fn=_IO_file_finish@@GLIBC_2.2.5
0 13 2 2 3 0 0 2 0 0
fn=_IO_file_fopen@@GLIBC_2.2.5
0 64 5 5 13 1 0 9 0 0
fn=_IO_file_open
0 33 4 4 6 0 0 7 0 0
fn=_IO_file_overflow@@GLIBC_2.2.5
0 134 9 5 31 0 0 31 0 0
fn=_IO_file_setbuf@@GLIBC_2.2.5
0 16 1 1 3 0 0 8 0 0
fn=_IO_file_stat
0 10 3 2 2 0 0 0 0 0
fn=_IO_file_sync@@GLIBC_2.2.5
0 18 3 3 7 0 0 3 0 0
fn=_IO_file_write@@GLIBC_2.2.5
0 74 4 2 16 0 0 10 0 0
fn=_IO_file_xsputn@@GLIBC_2.2.5
0 1342 5 5 289 1 0 230 2 0
fn=_IO_flush_all_lockp
0 125 12 12 36 6 3 21 1 0
fn=_IO_link_in
0 99 10 10 37 2 1 19 0 0
fn=_IO_new_file_init_internal
0 14 2 2 4 0 0 5 0 0
fn=_IO_no_init
0 34 4 4 5 0 0 20 2 2
fn=_IO_old_init
0 28 3 3 3 1 1 18 2 2
fn=_IO_setb
0 68 1 1 16 0 0 16 0 0
fn=_IO_un_link
0 8 0 0 3 0 0 0 0 0
fn=_IO_unsave_markers
0 6 1 1 3 0 0 0 0 0
fn=__GI__IO_un_link.part.1
0 87 11 11 31 0 0 15 0 0
fn=__GI_strstr
0 34 3 3 11 1 1 8 0 0
fn=__acos_finite
0 8 1 1 4 0 0 0 0 0
fn=__asin_finite
0 8 1 1 4 0 0 0 0 0
fn=__atan2_finite
0 9 2 2 4 0 0 0 0 0
fn=__call_tls_dtors
0 12 2 2 5 0 0 2 0 0
fn=__close_nocancel
0 6 1 1 1 0 0 0 0 0
fn=__ctype_init
0 17 3 3 10 3 0 3 0 0
fn=__cxa_atexit
0 3 1 1 0 0 0 0 0 0
fn=__cxa_finalize
0 118 6 6 34 1 1 14 0 0
fn=__default_morecore
0 16 1 1 2 0 0 2 0 0
fn=__exp_finite
0 9 2 2 4 0 0 0 0 0
fn=__fopen_internal
0 43 4 4 7 0 0 11 1 1
fn=__gettimeofday_syscall
0 12 1 0 2 0 0 0 0 0
fn=__init_misc
0 25 2 2 7 0 0 5 1 0
fn=__internal_atexit
0 38 3 3 10 2 2 9 1 0
fn=__libc_alloca_cutoff
0 11 2 2 2 1 0 0 0 0
fn=__libc_csu_init
0 34 3 3 8 1 0 8 0 0
fn=__libc_early_init
0 2 0 0 0 0 0 0 0 0
fn=__log_finite
0 9 2 2 4 0 0 0 0 0
fn=__memcpy_avx_unaligned_erms
0 339 4 3 61 0 0 36 1 1
fn=__mempcpy_avx_unaligned_erms
0 100 1 1 0 0 0 0 0 0
fn=__mpn_extract_double
0 20 3 3 1 0 0 4 0 0
fn=__mpn_lshift
0 16 2 2 2 0 0 1 0 0
fn=__mpn_mul_1
0 180 6 6 25 0 0 17 0 0
fn=__mpn_rshift
0 18 3 3 3 0 0 2 0 0
fn=__new_exitfn
0 30 5 5 8 1 0 5 0 0
fn=__overflow
0 18 2 2 4 1 0 1 0 0
fn=__pow_finite
0 8 2 2 4 0 0 0 0 0
fn=__printf_fp
0 7 1 1 2 1 0 0 0 0
fn=__printf_fp_l
0 813 70 70 156 15 9 100 4 0
fn=__run_exit_handlers
0 105 9 9 25 4 0 15 0 0
fn=__sigjmp_save
0 9 1 1 2 0 0 2 0 0
fn=__sigsetjmp
0 22 2 2 5 1 0 8 0 0
fn=__strchr_avx2
0 42 2 2 6 1 1 0 0 0
fn=__strchrnul_avx2
0 342 2 2 36 0 0 0 0 0
fn=__strlen_avx2
0 84 2 2 12 1 1 0 0 0
fn=__strrchr_avx2
0 29 5 5 3 1 1 0 0 0
fn=__unregister_atfork
0 32 4 4 12 1 1 0 0 0
fn=__x86_cacheinfo
0 110 10 10 18 2 0 25 3 3
fn=_dl_addr
0 73132 10 10 14517 1078 888 17 2 0
fn=_dl_vdso_vsym
0 80 3 2 30 2 0 5 0 0
fn=_fxstat
0 22 1 1 2 0 0 0 0 0
fn=_getopt_internal
0 50 2 2 28 2 0 18 1 1
fn=_getopt_internal_r
0 221 17 17 67 2 2 36 0 0
fn=_init
0 108 7 7 17 4 0 16 3 3
fn=_int_free
0 779 23 19 220 4 0 107 0 0
fn=_int_malloc
0 1744 43 40 254 19 0 302 12 5
fn=_int_memalign
0 338 8 8 42 0 0 44 6 6
fn=_itoa_word
0 640 2 2 64 1 1 56 0 0
fn=_mid_memalign
0 185 6 6 34 4 0 16 0 0
fn=_setjmp
0 3 1 1 0 0 0 0 0 0
fn=bcmp
0 25 2 2 5 0 0 0 0 0
fn=brk
0 33 2 2 6 0 0 3 0 0
fn=calloc
0 52 4 4 16 7 0 6 0 0
fn=ceil
0 7 1 1 3 0 0 0 0 0
fn=ceilf
0 7 1 1 3 0 0 0 0 0
fn=check_stdfiles_vtables
0 12 2 2 7 2 0 0 0 0
fn=cos
0 9 2 2 4 0 0 0 0 0
fn=cosf
0 9 2 2 4 0 0 0 0 0
fn=exit
0 8 1 1 1 0 0 2 0 0
fn=exp2f
0 9 1 1 4 0 0 0 0 0
fn=expf
0 9 1 1 4 0 0 0 0 0
fn=fclose@@GLIBC_2.2.5
0 75 7 7 26 1 0 9 0 0
fn=floor
0 7 2 2 3 0 0 0 0 0
fn=floorf
0 7 2 2 3 0 0 0 0 0
fn=fopen@@GLIBC_2.2.5
0 3 1 1 0 0 0 0 0 0
fn=fprintf
0 96 4 4 16 0 0 40 0 0
fn=free
0 174 6 4 44 10 0 9 0 0
fn=get_common_cache_info
0 233 13 13 31 1 0 22 0 0
fn=getenv
0 1229 4 4 411 155 1 7 0 0
fn=getopt
0 18 1 1 2 0 0 4 0 0
fn=getrandom
0 10 2 2 2 0 0 0 0 0
fn=gettimeofday
0 134 6 3 8 1 0 8 0 0
fn=hack_digit
0 231 3 3 70 0 0 35 1 0
fn=handle_intel.constprop.1
0 177 5 5 36 1 0 45 0 0
fn=index
0 22 2 2 4 0 0 0 0 0
fn=intel_check_word.isra.0
0 1324 10 10 111 6 6 24 0 0
fn=log2f
0 9 2 2 4 0 0 0 0 0
fn=logf
0 9 1 1 4 0 0 0 0 0
fn=malloc
0 169 7 7 43 4 0 16 0 0
fn=malloc_consolidate
0 121 6 6 41 0 0 10 0 0
fn=malloc_hook_ini
0 7 1 1 2 0 0 1 0 0
fn=malloc_init_state
0 647 2 2 1 0 0 257 35 34
fn=memalign_hook_ini
0 15 2 2 5 1 1 4 0 0
fn=memchr
0 25 3 3 4 0 0 0 0 0
fn=memcpy@@GLIBC_2.14
0 24 5 5 4 0 0 0 0 0
fn=memmove
0 24 5 5 4 0 0 0 0 0
fn=mempcpy
0 24 4 4 4 0 0 0 0 0
fn=memrchr
0 24 2 2 4 0 0 0 0 0
fn=memset
0 26 2 2 4 0 0 0 0 0
fn=mmap
0 108 5 3 21 0 0 18 2 0
fn=munmap
0 18 1 1 3 0 0 0 0 0
fn=munmap_chunk
0 99 3 3 30 2 0 0 0 0
fn=new_do_write
0 114 10 5 34 0 0 26 0 0
fn=open
0 31 3 3 6 0 0 5 0 0
fn=posix_memalign
0 108 2 2 12 0 0 12 1 0
fn=powf
0 9 1 1 4 0 0 0 0 0
fn=printf
0 36 3 3 6 2 0 19 0 0
fn=ptmalloc_init.part.0
0 91 9 9 12 5 1 21 2 0
fn=rawmemchr
0 25 3 3 4 0 0 0 0 0
fn=read_int
0 13 3 3 4 0 0 1 0 0
fn=rindex
0 24 3 3 4 0 0 0 0 0
fn=rint
0 7 1 1 3 0 0 0 0 0
fn=rintf
0 7 1 1 3 0 0 0 0 0
fn=sbrk
0 57 3 3 15 2 0 9 0 0
fn=sin
0 9 2 2 4 0 0 0 0 0
fn=sincosf
0 9 1 1 4 0 0 0 0 0
fn=sinf
0 9 1 1 4 0 0 0 0 0
fn=stpcpy
0 20 2 2 4 0 0 0 0 0
fn=stpncpy
0 20 3 3 4 0 0 0 0 0
fn=strcasecmp
0 20 3 3 4 0 0 0 0 0
fn=strcasecmp_l
0 20 3 3 4 0 0 0 0 0
fn=strcat
0 20 3 3 4 0 0 0 0 0
fn=strchrnul
0 24 2 2 4 0 0 0 0 0
fn=strcmp
0 17 2 2 4 0 0 0 0 0
fn=strcpy
0 20 3 3 4 0 0 0 0 0
fn=strcspn
0 7 1 1 3 0 0 0 0 0
fn=strlen
0 24 2 2 4 0 0 0 0 0
fn=strncasecmp
0 20 2 2 4 0 0 0 0 0
fn=strncasecmp_l
0 20 2 2 4 0 0 0 0 0
fn=strncmp
0 17 3 3 4 0 0 0 0 0
fn=strncpy
0 20 2 2 4 0 0 0 0 0
fn=strnlen
0 48 3 3 8 0 0 0 0 0
fn=strpbrk
0 7 0 0 3 0 0 0 0 0
fn=strspn
0 7 1 1 3 0 0 0 0 0
fn=sysmalloc
0 343 20 20 93 7 2 52 7 5
fn=tcache_init.part.7
0 115 4 4 9 0 0 84 8 8
fn=time
0 67 4 4 4 1 1 4 0 0
fn=trunc
0 7 1 1 3 0 0 0 0 0
fn=truncf
0 7 1 1 3 0 0 0 0 0
fn=unlink_chunk.isra.2
0 80 3 3 33 1 0 10 0 0
fn=vfprintf
0 3055 55 55 635 23 6 451 2 0
fn=wcschr
0 48 2 2 8 0 0 0 0 0
fn=wcscmp
0 24 2 2 4 0 0 0 0 0
fn=wcslen
0 22 3 3 4 0 0 0 0 0
fn=wcsnlen
0 22 2 2 4 0 0 0 0 0
fn=wmemchr
0 50 3 3 8 0 0 0 0 0
fn=wmemset
0 38 2 2 8 0 0 0 0 0
fn=write
0 20 1 1 4 0 0 0 0 0
summary: 64884383 1701 1608 19482959 7982940 526744 7759767 41025 15775
